"","Run_5_11_Animal_20615.pos","merged.pos","ref251.pos","ref239.pos","ref251","a","c","g","t","N","deletion","insertion","TotalReads","MajNt","transition.maj","transition.ref","freq.Ts","freq.Ts.ref","freq.transv","freq.transv.ref","freq.transv1","freq.transv2","freq.transv1.ref","freq.transv2.ref","freq.mutations","freq.mutations.ref"
"1",94,94,94,94,"g",0,0,22,2,0,0,0,24,"g","a","a",0,0,0.0833333333333333,0.0833333333333333,0,0.0833333333333333,0,0.0833333333333333,0.0833333333333333,0.0833333333333333
"2",95,95,95,95,"t",30,44,252,157831,0,0,0,158157,"t","c","c",0.000278204568877761,0.000278204568877761,0.00178303837326201,0.00178303837326201,0.000189684933325746,0.00159335343993627,0.000189684933325746,0.00159335343993627,0.00206124294213977,0.00206124294213977
"3",96,96,96,96,"a",159277,17,51,152,0,0,0,159497,"a","g","g",0.000319755230505903,0.000319755230505903,0.00105958105795093,0.00105958105795093,0.000106585076835301,0.000952995981115632,0.000106585076835301,0.000952995981115632,0.00137933628845684,0.00137933628845684
"4",97,97,97,97,"c",24,160000,12,109,0,0,0,160145,"c","t","t",0.000680633176184083,0.000680633176184083,0.000224796278372725,0.000224796278372725,0.000149864185581816,7.49320927909082e-05,0.000149864185581816,7.49320927909082e-05,0.000905429454556808,0.000905429454556808
"5",98,98,98,98,"c",38,160299,32,155,0,0,10,160524,"c","t","t",0.000965587700281578,0.000965587700281578,0.000436071864643293,0.000436071864643293,0.000236724726520645,0.000199347138122648,0.000236724726520645,0.000199347138122648,0.00140165956492487,0.00140165956492487
"6",99,99,99,99,"a",160455,10,40,37,0,95,11,160542,"a","g","g",0.000249155984103848,0.000249155984103848,0.000292758281322022,0.000292758281322022,6.2288996025962e-05,0.00023046928529606,6.2288996025962e-05,0.00023046928529606,0.00054191426542587,0.00054191426542587
"7",100,100,100,100,"g",87,14,160809,39,0,47,3,160949,"g","a","a",0.000540543898999062,0.000540543898999062,0.000329296858010923,0.000329296858010923,8.69840757009985e-05,0.000242312782309924,8.69840757009985e-05,0.000242312782309924,0.000869840757009985,0.000869840757009985
"8",101,101,101,101,"c",11,160930,8,71,0,81,12,161020,"c","t","t",0.000440939013787107,0.000440939013787107,0.000117997764252888,0.000117997764252888,6.83144950937772e-05,4.96832691591107e-05,6.83144950937772e-05,4.96832691591107e-05,0.000558936778039995,0.000558936778039995
"9",102,102,102,102,"t",18,50,3,160945,0,155,0,161016,"t","c","c",0.000310528146271178,0.000310528146271178,0.000130421821433895,0.000130421821433895,0.000111790132657624,1.86316887762707e-05,0.000111790132657624,1.86316887762707e-05,0.000440949967705073,0.000440949967705073
"10",103,103,103,103,"t",11,74,7,161304,0,10,17,161396,"t","c","c",0.000458499591067932,0.000458499591067932,0.000111526927557065,0.000111526927557065,6.81553446182062e-05,4.33715829388585e-05,6.81553446182062e-05,4.33715829388585e-05,0.000570026518624997,0.000570026518624997
"11",104,104,104,104,"g",128,5,161122,31,0,191,0,161286,"g","a","a",0.000793621269050011,0.000793621269050011,0.000223205981920315,0.000223205981920315,3.1000830822266e-05,0.000192205151098049,3.1000830822266e-05,0.000192205151098049,0.00101682725097033,0.00101682725097033
"12",105,105,105,105,"g",90,4,161440,25,0,12,4,161559,"g","a","a",0.000557072029413403,0.000557072029413403,0.00017950098725543,0.00017950098725543,2.47587568628179e-05,0.000154742230392612,2.47587568628179e-05,0.000154742230392612,0.000736573016668833,0.000736573016668833
"13",106,106,106,106,"a",161583,6,39,24,0,64,20,161652,"a","g","g",0.000241259000816569,0.000241259000816569,0.000185583846781976,0.000185583846781976,3.71167693563952e-05,0.000148467077425581,3.71167693563952e-05,0.000148467077425581,0.000426842847598545,0.000426842847598545
"14",107,107,107,107,"g",92,6,161655,37,0,95,0,161790,"g","a","a",0.000568638358365783,0.000568638358365783,0.00026577662401879,0.00026577662401879,3.70851103282032e-05,0.000228691513690587,3.70851103282032e-05,0.000228691513690587,0.000834414982384573,0.000834414982384573
"15",108,108,108,108,"g",67,5,161895,35,0,15,17,162002,"g","a","a",0.000413575141047641,0.000413575141047641,0.000246910531968741,0.000246910531968741,3.08638164960926e-05,0.000216046715472648,3.08638164960926e-05,0.000216046715472648,0.000660485673016382,0.000660485673016382
"16",109,109,109,109,"a",162028,8,29,31,0,126,0,162096,"a","g","g",0.000178906327114796,0.000178906327114796,0.000240598164050933,0.000240598164050933,4.93534695489093e-05,0.000191244694502023,4.93534695489093e-05,0.000191244694502023,0.000419504491165729,0.000419504491165729
"17",110,110,110,110,"a",162449,17,28,29,0,8,3,162523,"a","g","g",0.000172283307593387,0.000172283307593387,0.00028303686247485,0.00028303686247485,0.000104600579610271,0.000178436282864579,0.000104600579610271,0.000178436282864579,0.000455320170068237,0.000455320170068237
"18",111,111,111,111,"t",15,72,21,162651,0,57,17,162759,"t","c","c",0.000442371850404586,0.000442371850404586,0.000221185925202293,0.000221185925202293,9.21608021676221e-05,0.000129025123034671,9.21608021676221e-05,0.000129025123034671,0.000663557775606879,0.000663557775606879
"19",112,112,112,112,"g",100,10,162784,24,0,45,4,162918,"g","a","a",0.000613805718214071,0.000613805718214071,0.000208693944192784,0.000208693944192784,6.13805718214071e-05,0.000147313372371377,6.13805718214071e-05,0.000147313372371377,0.000822499662406855,0.000822499662406855
"20",113,113,113,113,"c",18,163142,15,125,0,91,2,163300,"c","t","t",0.000765462339252909,0.000765462339252909,0.000202082057562768,0.000202082057562768,0.000110226576852419,9.18554807103491e-05,0.000110226576852419,9.18554807103491e-05,0.000967544396815677,0.000967544396815677
"21",114,114,114,114,"g",131,19,163260,41,0,63,0,163451,"g","a","a",0.00080146343552502,0.00080146343552502,0.000367082489553444,0.000367082489553444,0.000116242788358591,0.000250839701194854,0.000116242788358591,0.000250839701194854,0.00116854592507846,0.00116854592507846
"22",115,115,115,115,"a",163445,163,32,54,0,1,0,163694,"a","g","g",0.000195486700795387,0.000195486700795387,0.00132564418976871,0.00132564418976871,0.0009957603821765,0.000329883807592215,0.0009957603821765,0.000329883807592215,0.0015211308905641,0.0015211308905641
"23",116,116,116,116,"c",3,163716,31,155,0,12,0,163905,"c","t","t",0.000945669747719716,0.000945669747719716,0.00020743723498368,0.00020743723498368,1.83032854397364e-05,0.000189133949543943,1.83032854397364e-05,0.000189133949543943,0.0011531069827034,0.0011531069827034
"24",117,117,117,117,"a",162437,12,1459,56,0,1,0,163964,"a","g","g",0.00889829474762753,0.00889829474762753,0.000414725183576883,0.000414725183576883,7.31867971018028e-05,0.00034153838647508,7.31867971018028e-05,0.00034153838647508,0.00931301993120441,0.00931301993120441
"25",118,118,118,118,"a",163723,22,270,37,0,0,0,164052,"a","g","g",0.00164581961816985,0.00164581961816985,0.000359642064711189,0.000359642064711189,0.000134103820739765,0.000225538243971424,0.000134103820739765,0.000225538243971424,0.00200546168288104,0.00200546168288104
"26",119,119,119,119,"t",36,279,19,163759,0,6,0,164093,"t","c","c",0.00170025534300671,0.00170025534300671,0.000335175784463688,0.000335175784463688,0.000219387786194414,0.000115787998269274,0.000219387786194414,0.000115787998269274,0.0020354311274704,0.0020354311274704
"27",120,120,120,120,"t",59,280,6,163812,0,0,2,164157,"t","c","c",0.00170568419257175,0.00170568419257175,0.000395962401847012,0.000395962401847012,0.000359412026291903,3.65503755551088e-05,0.000359412026291903,3.65503755551088e-05,0.00210164659441876,0.00210164659441876
"28",121,121,121,121,"c",23,163990,6,129,0,45,0,164148,"c","t","t",0.000785876160538051,0.000785876160538051,0.000176669834539562,0.000176669834539562,0.000140117454979653,3.65523795599094e-05,0.000140117454979653,3.65523795599094e-05,0.000962545995077613,0.000962545995077613
"29",122,122,122,122,"c",42,164116,10,120,0,3,0,164288,"c","t","t",0.000730424620179198,0.000730424620179198,0.000316517335410986,0.000316517335410986,0.000255648617062719,6.08687183482665e-05,0.000255648617062719,6.08687183482665e-05,0.00104694195559018,0.00104694195559018
"30",123,123,123,123,"c",48,164307,3,122,0,0,0,164480,"c","t","t",0.000741731517509728,0.000741731517509728,0.000310068093385214,0.000310068093385214,0.000291828793774319,1.82392996108949e-05,0.000291828793774319,1.82392996108949e-05,0.00105179961089494,0.00105179961089494
"31",124,124,124,124,"c",20,164401,5,91,0,1,0,164517,"c","t","t",0.000553134326543761,0.000553134326543761,0.000151959979819715,0.000151959979819715,0.000121567983855772,3.03919959639429e-05,0.000121567983855772,3.03919959639429e-05,0.000705094306363476,0.000705094306363476
"32",125,125,125,125,"t",63,282,11,164169,0,6,0,164525,"t","c","c",0.00171402522413007,0.00171402522413007,0.000449779668743352,0.000449779668743352,0.000382920528795016,6.68591399483361e-05,0.000382920528795016,6.68591399483361e-05,0.00216380489287342,0.00216380489287342
"33",126,126,126,126,"c",24,164417,3,86,0,1,0,164530,"c","t","t",0.000522701027168298,0.000522701027168298,0.000164103810855163,0.000164103810855163,0.000145870054093478,1.82337567616848e-05,0.000145870054093478,1.82337567616848e-05,0.000686804838023461,0.000686804838023461
"34",127,127,127,127,"t",27,355,9,164129,0,6,0,164520,"t","c","c",0.00215779236566983,0.00215779236566983,0.000218818380743983,0.000218818380743983,0.000164113785557987,5.47045951859956e-05,0.000164113785557987,5.47045951859956e-05,0.00237661074641381,0.00237661074641381
"35",128,128,128,128,"t",54,307,1,164141,0,5,0,164503,"t","c","c",0.00186622736363471,0.00186622736363471,0.000334340407165827,0.000334340407165827,0.000328261490671903,6.07891649392412e-06,0.000328261490671903,6.07891649392412e-06,0.00220056777080053,0.00220056777080053
"36",129,129,129,129,"c",13,164335,15,121,0,7,0,164484,"c","t","t",0.000735633861044235,0.000735633861044235,0.000170229323216848,0.000170229323216848,7.90350429221079e-05,9.11942802947399e-05,7.90350429221079e-05,9.11942802947399e-05,0.000905863184261083,0.000905863184261083
"37",130,130,130,130,"t",49,262,12,164137,0,5,0,164460,"t","c","c",0.00159309254529977,0.00159309254529977,0.000370910859783534,0.000370910859783534,0.000297944789006445,7.29660707770886e-05,0.000297944789006445,7.29660707770886e-05,0.0019640034050833,0.0019640034050833
"38",131,131,131,131,"g",113,13,164296,15,0,5,0,164437,"g","a","a",0.000687193271587295,0.000687193271587295,0.000170277978800392,0.000170277978800392,7.90576330144675e-05,9.12203457859241e-05,7.90576330144675e-05,9.12203457859241e-05,0.000857471250387686,0.000857471250387686
"39",132,132,132,132,"t",34,350,18,164034,0,0,0,164436,"t","c","c",0.00212848767909703,0.00212848767909703,0.000316232455180131,0.000316232455180131,0.000206767374540855,0.000109465080639276,0.000206767374540855,0.000109465080639276,0.00244472013427717,0.00244472013427717
"40",133,133,133,133,"g",639,6,163806,21,0,4,0,164472,"g","a","a",0.00388515978403619,0.00388515978403619,0.000164161681015614,0.000164161681015614,3.64803735590252e-05,0.000127681307456588,3.64803735590252e-05,0.000127681307456588,0.0040493214650518,0.0040493214650518
"41",134,134,134,134,"c",39,164233,13,171,0,18,0,164456,"c","t","t",0.00103979179841417,0.00103979179841417,0.000316193997178577,0.000316193997178577,0.000237145497883932,7.90484992946442e-05,0.000237145497883932,7.90484992946442e-05,0.00135598579559274,0.00135598579559274
"42",135,135,135,135,"a",163992,7,507,76,0,16,0,164582,"a","g","g",0.00308053128531674,0.00308053128531674,0.000504307883000571,0.000504307883000571,4.25319901325783e-05,0.000461775892867993,4.25319901325783e-05,0.000461775892867993,0.00358483916831731,0.00358483916831731
"43",136,136,136,136,"a",164087,17,419,90,0,18,0,164613,"a","g","g",0.0025453639748987,0.0025453639748987,0.000650009416024251,0.000650009416024251,0.000103272524041236,0.000546736891983015,0.000103272524041236,0.000546736891983015,0.00319537339092295,0.00319537339092295
"44",137,137,137,137,"c",9,164561,8,105,0,25,0,164683,"c","t","t",0.000637588579270477,0.000637588579270477,0.000103228627119982,0.000103228627119982,5.46504496517552e-05,4.85781774682268e-05,5.46504496517552e-05,4.85781774682268e-05,0.000740817206390459,0.000740817206390459
"45",138,138,138,138,"c",24,164529,3,158,0,17,0,164714,"c","t","t",0.00095923843753415,0.00095923843753415,0.000163920492490013,0.000163920492490013,0.000145707104435567,1.82133880544459e-05,0.000145707104435567,1.82133880544459e-05,0.00112315893002416,0.00112315893002416
"46",139,139,139,139,"a",164397,22,287,16,0,23,0,164722,"a","g","g",0.00174232950061315,0.00174232950061315,0.000230691710882578,0.000230691710882578,0.000133558358932019,9.71333519505591e-05,0.000133558358932019,9.71333519505591e-05,0.00197302121149573,0.00197302121149573
"47",140,140,140,140,"a",164388,12,284,79,0,18,0,164763,"a","g","g",0.00172368796392394,0.00172368796392394,0.000552308467313657,0.000552308467313657,7.28318857996031e-05,0.000479476581514054,7.28318857996031e-05,0.000479476581514054,0.0022759964312376,0.0022759964312376
"48",141,141,141,141,"g",60,8,164681,28,0,17,0,164777,"g","a","a",0.000364128488806083,0.000364128488806083,0.00021847709328365,0.00021847709328365,4.85504651741445e-05,0.000169926628109506,4.85504651741445e-05,0.000169926628109506,0.000582605582089733,0.000582605582089733
"49",142,142,142,142,"a",164326,8,358,56,0,19,0,164748,"a","g","g",0.00217301575739918,0.00217301575739918,0.000388472090708233,0.000388472090708233,4.85590113385291e-05,0.000339913079369704,4.85590113385291e-05,0.000339913079369704,0.00256148784810741,0.00256148784810741
"50",143,143,143,143,"a",164543,12,426,31,0,19,0,165012,"a","g","g",0.00258163042687805,0.00258163042687805,0.000260587108816329,0.000260587108816329,7.27219838557196e-05,0.000187865124960609,7.27219838557196e-05,0.000187865124960609,0.00284221753569437,0.00284221753569437
"51",144,144,144,144,"t",19,185,17,164811,0,21,0,165032,"t","c","c",0.00112099471617626,0.00112099471617626,0.000218139512337001,0.000218139512337001,0.000115129187066751,0.000103010325270251,0.000115129187066751,0.000103010325270251,0.00133913422851326,0.00133913422851326
"52",145,145,145,145,"a",164800,12,243,39,0,22,1,165094,"a","g","g",0.00147188874217113,0.00147188874217113,0.000308914921196409,0.000308914921196409,7.26858638109198e-05,0.000236229057385489,7.26858638109198e-05,0.000236229057385489,0.00178080366336754,0.00178080366336754
"53",146,146,146,146,"g",127,5,164956,42,0,31,0,165130,"g","a","a",0.000769091019196996,0.000769091019196996,0.000284624235450857,0.000284624235450857,3.02791739841337e-05,0.000254345061466723,3.02791739841337e-05,0.000254345061466723,0.00105371525464785,0.00105371525464785
"54",147,147,147,147,"g",253,13,164907,45,0,18,0,165218,"g","a","a",0.00153131014780472,0.00153131014780472,0.000351051338231912,0.000351051338231912,7.86839206381871e-05,0.000272367417593725,7.86839206381871e-05,0.000272367417593725,0.00188236148603663,0.00188236148603663
"55",148,148,148,148,"g",108,13,165074,39,0,13,1,165234,"g","a","a",0.00065361850466611,0.00065361850466611,0.000314705205950349,0.000314705205950349,7.86763014875873e-05,0.000236028904462762,7.86763014875873e-05,0.000236028904462762,0.000968323710616459,0.000968323710616459
"56",149,149,149,149,"a",164750,11,462,68,0,15,0,165291,"a","g","g",0.0027950705120061,0.0027950705120061,0.000477944957680696,0.000477944957680696,6.65492979049071e-05,0.000411395659775789,6.65492979049071e-05,0.000411395659775789,0.00327301546968679,0.00327301546968679
"57",150,150,150,150,"t",15,187,9,165125,0,13,0,165336,"t","c","c",0.00113103014467509,0.00113103014467509,0.000145158949049209,0.000145158949049209,9.07243431557556e-05,5.44346058934533e-05,9.07243431557556e-05,5.44346058934533e-05,0.00127618909372429,0.00127618909372429
"58",151,151,151,151,"a",165126,10,236,45,0,1,0,165417,"a","g","g",0.00142669737693224,0.00142669737693224,0.000332493032759632,0.000332493032759632,6.04532786835694e-05,0.000272039754076062,6.04532786835694e-05,0.000272039754076062,0.00175919040969187,0.00175919040969187
"59",152,152,152,152,"c",7,165356,13,97,0,4,0,165473,"c","t","t",0.000586198352601331,0.000586198352601331,0.000120865639711615,0.000120865639711615,4.23029738990651e-05,7.85626658125495e-05,4.23029738990651e-05,7.85626658125495e-05,0.000707063992312945,0.000707063992312945
"60",153,153,153,153,"t",39,277,42,165113,0,7,0,165471,"t","c","c",0.00167400934302687,0.00167400934302687,0.000489511757347209,0.000489511757347209,0.000235690846130138,0.000253820911217071,0.000235690846130138,0.000253820911217071,0.00216352110037408,0.00216352110037408
"61",154,154,154,154,"t",63,265,25,165186,0,2,2,165539,"t","c","c",0.001600831224062,0.001600831224062,0.000531596783839458,0.000531596783839458,0.000380574970248703,0.000151021813590755,0.000380574970248703,0.000151021813590755,0.00213242800790146,0.00213242800790146
"62",155,155,155,155,"g",290,15,165250,37,0,129,0,165592,"g","a","a",0.00175129233296294,0.00175129233296294,0.000314024832117494,0.000314024832117494,9.05840861877385e-05,0.000223440745929755,9.05840861877385e-05,0.000223440745929755,0.00206531716508044,0.00206531716508044
"63",156,156,156,156,"g",120,5,165608,40,0,12,0,165773,"g","a","a",0.000723881452347487,0.000723881452347487,0.000271455544630308,0.000271455544630308,3.01617271811453e-05,0.000241293817449162,3.01617271811453e-05,0.000241293817449162,0.000995336996977795,0.000995336996977795
"64",157,157,157,157,"g",128,15,165662,33,0,0,0,165838,"g","a","a",0.00077183757643001,0.00077183757643001,0.000289439091161254,0.000289439091161254,9.04497159878918e-05,0.000198989375173362,9.04497159878918e-05,0.000198989375173362,0.00106127666759126,0.00106127666759126
"65",158,158,158,158,"g",125,12,165693,33,0,0,0,165863,"g","a","a",0.00075363402326016,0.00075363402326016,0.000271308248373658,0.000271308248373658,7.23488662329754e-05,0.000198959382140682,7.23488662329754e-05,0.000198959382140682,0.00102494227163382,0.00102494227163382
"66",159,159,159,159,"a",165579,7,426,96,0,8,0,166108,"a","g","g",0.00256459652756038,0.00256459652756038,0.000620078503142534,0.000620078503142534,4.21412574951237e-05,0.00057793724564741,4.21412574951237e-05,0.00057793724564741,0.00318467503070292,0.00318467503070292
"67",160,160,160,160,"a",165738,11,454,45,0,2,0,166248,"a","g","g",0.00273085992011934,0.00273085992011934,0.00033684615754776,0.00033684615754776,6.616620951831e-05,0.00027067994802945,6.616620951831e-05,0.00027067994802945,0.0030677060776671,0.0030677060776671
"68",161,161,161,161,"c",4,166058,5,244,0,8,0,166311,"c","t","t",0.00146713085724937,0.00146713085724937,5.41154824395259e-05,5.41154824395259e-05,2.40513255286782e-05,3.00641569108477e-05,2.40513255286782e-05,3.00641569108477e-05,0.0015212463396889,0.0015212463396889
"69",162,162,162,162,"a",165955,22,385,40,0,2,0,166402,"a","g","g",0.00231367411449382,0.00231367411449382,0.000372591675580822,0.000372591675580822,0.000132209949399647,0.000240381726181176,0.000132209949399647,0.000240381726181176,0.00268626579007464,0.00268626579007464
"70",163,163,163,163,"a",166112,9,312,72,0,1,0,166505,"a","g","g",0.00187381760307498,0.00187381760307498,0.00048647187772139,0.00048647187772139,5.40524308579322e-05,0.000432419446863458,5.40524308579322e-05,0.000432419446863458,0.00236028948079637,0.00236028948079637
"71",164,164,164,164,"c",11,166329,10,182,0,3,0,166532,"c","t","t",0.001092883049504,0.001092883049504,0.000126101890327385,0.000126101890327385,6.60533711238681e-05,6.00485192035164e-05,6.60533711238681e-05,6.00485192035164e-05,0.00121898493983138,0.00121898493983138
"72",165,165,165,165,"t",83,301,25,166154,0,3,0,166563,"t","c","c",0.00180712403114737,0.00180712403114737,0.000648403306856865,0.000648403306856865,0.000498309948788146,0.000150093358068719,0.000498309948788146,0.000150093358068719,0.00245552733800424,0.00245552733800424
"73",166,166,166,166,"c",21,166437,7,143,0,3,0,166608,"c","t","t",0.000858302122347066,0.000858302122347066,0.000168059156823202,0.000168059156823202,0.000126044367617401,4.20147892058004e-05,0.000126044367617401,4.20147892058004e-05,0.00102636127917027,0.00102636127917027
"74",167,167,167,167,"a",166209,11,363,68,0,2,0,166651,"a","g","g",0.00217820475124662,0.00217820475124662,0.000474044560188658,0.000474044560188658,6.60062045832308e-05,0.000408038355605427,6.60062045832308e-05,0.000408038355605427,0.00265224931143527,0.00265224931143527
"75",168,168,168,168,"g",180,4,166404,23,0,1,0,166611,"g","a","a",0.00108036084052073,0.00108036084052073,0.00016205412607811,0.00016205412607811,2.40080186782385e-05,0.000138046107399872,2.40080186782385e-05,0.000138046107399872,0.00124241496659884,0.00124241496659884
"76",169,169,169,169,"t",61,246,16,166477,0,1,0,166800,"t","c","c",0.00147482014388489,0.00147482014388489,0.000461630695443645,0.000461630695443645,0.000365707434052758,9.59232613908873e-05,0.000365707434052758,9.59232613908873e-05,0.00193645083932854,0.00193645083932854
"77",170,170,170,170,"g",108,30,166523,46,0,21,0,166707,"g","a","a",0.00064784322194029,0.00064784322194029,0.000455889674698723,0.000455889674698723,0.00017995645053897,0.000275933224159753,0.00017995645053897,0.000275933224159753,0.00110373289663901,0.00110373289663901
"78",171,171,171,171,"c",28,167516,22,119,0,4,0,167685,"c","t","t",0.000709663953245669,0.000709663953245669,0.000298178131615827,0.000298178131615827,0.000166979753704863,0.000131198377910964,0.000166979753704863,0.000131198377910964,0.0010078420848615,0.0010078420848615
"79",172,172,172,172,"c",19,166760,10,951,0,1,0,167740,"c","t","t",0.00566948849409801,0.00566948849409801,0.000172886610230118,0.000172886610230118,0.000113270537736974,5.96160724931442e-05,0.000113270537736974,5.96160724931442e-05,0.00584237510432813,0.00584237510432813
"80",173,173,173,173,"t",78,256,12,167423,0,7,0,167769,"t","c","c",0.00152590764682391,0.00152590764682391,0.00053645190708653,0.00053645190708653,0.000464924986141659,7.15269209448706e-05,0.000464924986141659,7.15269209448706e-05,0.00206235955391044,0.00206235955391044
"81",174,174,174,174,"a",167480,13,247,40,0,6,0,167780,"a","g","g",0.00147216593157707,0.00147216593157707,0.0003158898557635,0.0003158898557635,7.74824174514245e-05,0.000238407438312075,7.74824174514245e-05,0.000238407438312075,0.00178805578734057,0.00178805578734057
"82",175,175,175,175,"c",9,167656,14,135,0,25,0,167814,"c","t","t",0.000804462083020487,0.000804462083020487,0.00013705650303312,0.00013705650303312,5.36308055346991e-05,8.34256974984209e-05,5.36308055346991e-05,8.34256974984209e-05,0.000941518586053607,0.000941518586053607
"83",176,176,176,176,"c",33,167681,11,117,0,1,0,167842,"c","t","t",0.000697084162486148,0.000697084162486148,0.00026215130896915,0.00026215130896915,0.000196613481726862,6.55378272422874e-05,0.000196613481726862,6.55378272422874e-05,0.000959235471455297,0.000959235471455297
"84",177,177,177,177,"a",167128,291,347,87,0,8,0,167853,"a","g","g",0.00206728506490799,0.00206728506490799,0.00225197047416489,0.00225197047416489,0.00173365980947615,0.000518310664688745,0.00173365980947615,0.000518310664688745,0.00431925553907288,0.00431925553907288
"85",178,178,178,178,"g",92,2,167772,22,0,5,0,167888,"g","a","a",0.000547984370532736,0.000547984370532736,0.000142952444486801,0.000142952444486801,1.19127037072334e-05,0.000131039740779567,1.19127037072334e-05,0.000131039740779567,0.000690936815019537,0.000690936815019537
"86",179,179,179,179,"a",167478,11,390,54,0,1,0,167933,"a","g","g",0.00232235474861999,0.00232235474861999,0.000387059124769998,0.000387059124769998,6.5502313422615e-05,0.000321556811347383,6.5502313422615e-05,0.000321556811347383,0.00270941387338998,0.00270941387338998
"87",180,180,180,180,"t",15,200,31,167778,0,5,0,168024,"t","c","c",0.00119030614674094,0.00119030614674094,0.000273770413750417,0.000273770413750417,8.92729610055706e-05,0.000184497452744846,8.92729610055706e-05,0.000184497452744846,0.00146407656049136,0.00146407656049136
"88",181,181,181,181,"a",167741,2,248,52,0,27,0,168043,"a","g","g",0.00147581273840624,0.00147581273840624,0.000321346322072327,0.000321346322072327,1.19017156323084e-05,0.000309444606440018,1.19017156323084e-05,0.000309444606440018,0.00179715906047857,0.00179715906047857
"89",182,182,182,182,"a",167613,13,417,50,0,1,0,168093,"a","g","g",0.00248076957398583,0.00248076957398583,0.000374792525566204,0.000374792525566204,7.73381401962009e-05,0.000297454385370003,7.73381401962009e-05,0.000297454385370003,0.00285556209955203,0.00285556209955203
"90",183,183,183,183,"t",36,208,9,167853,0,3,0,168106,"t","c","c",0.00123731455153296,0.00123731455153296,0.000267688244322035,0.000267688244322035,0.000214150595457628,5.3537648864407e-05,0.000214150595457628,5.3537648864407e-05,0.001505002795855,0.001505002795855
"91",184,184,184,184,"g",125,10,167938,42,0,3,0,168115,"g","a","a",0.000743538649138982,0.000743538649138982,0.000309312078041817,0.000309312078041817,5.94830919311186e-05,0.000249828986110698,5.94830919311186e-05,0.000249828986110698,0.0010528507271808,0.0010528507271808
"92",185,185,185,185,"g",985,11,167162,50,0,2,0,168208,"g","a","a",0.0058558451441073,0.0058558451441073,0.000362646247503091,0.000362646247503091,6.53952249595739e-05,0.000297251022543518,6.53952249595739e-05,0.000297251022543518,0.00621849139161039,0.00621849139161039
"93",186,186,186,186,"t",49,278,24,168130,0,5,0,168481,"t","c","c",0.00165003768970982,0.00165003768970982,0.000433283278233154,0.000433283278233154,0.000290833981279788,0.000142449296953366,0.000290833981279788,0.000142449296953366,0.00208332096794297,0.00208332096794297
"94",187,187,187,187,"g",172,11,168309,51,0,8,0,168543,"g","a","a",0.00102051108619165,0.00102051108619165,0.000367858647348154,0.000367858647348154,6.526524388435e-05,0.000302593403463805,6.526524388435e-05,0.000302593403463805,0.00138836973353981,0.00138836973353981
"95",188,188,188,188,"a",168495,8,403,64,0,1,0,168970,"a","g","g",0.00238503876427768,0.00238503876427768,0.000426111143990057,0.000426111143990057,4.73456826655619e-05,0.000378765461324495,4.73456826655619e-05,0.000378765461324495,0.00281114990826774,0.00281114990826774
"96",189,189,189,189,"t",30,759,4,168377,0,11,0,169170,"t","c","c",0.00448661110125909,0.00448661110125909,0.000200981261452976,0.000200981261452976,0.000177336407164391,2.36448542885854e-05,0.000177336407164391,2.36448542885854e-05,0.00468759236271207,0.00468759236271207
"97",190,190,190,190,"t",22,179,5,169160,0,1,0,169366,"t","c","c",0.00105688272734787,0.00105688272734787,0.000159418065018953,0.000159418065018953,0.000129896201126554,2.95218638923987e-05,0.000129896201126554,2.95218638923987e-05,0.00121630079236683,0.00121630079236683
"98",191,191,191,191,"a",169151,5,208,21,0,9,1,169385,"a","g","g",0.0012279717802639,0.0012279717802639,0.000153496472532987,0.000153496472532987,2.95185524101898e-05,0.000123977920122797,2.95185524101898e-05,0.000123977920122797,0.00138146825279688,0.00138146825279688
"99",192,192,192,192,"t",29,438,11,169045,0,1,0,169523,"t","c","c",0.00258372020315827,0.00258372020315827,0.000235956182936829,0.000235956182936829,0.000171068232629201,6.48879503076279e-05,0.000171068232629201,6.48879503076279e-05,0.0028196763860951,0.0028196763860951
"100",193,193,193,193,"t",48,265,7,169141,0,1,0,169461,"t","c","c",0.00156378163707284,0.00156378163707284,0.000324558452977381,0.000324558452977381,0.000283251013507533,4.13074394698485e-05,0.000283251013507533,4.13074394698485e-05,0.00188834009005022,0.00188834009005022
"101",194,194,194,194,"c",30,169280,13,129,0,2,0,169452,"c","t","t",0.000761277529919977,0.000761277529919977,0.000253759176639992,0.000253759176639992,0.000177041286027902,7.67178906120907e-05,0.000177041286027902,7.67178906120907e-05,0.00101503670655997,0.00101503670655997
"102",195,195,195,195,"a",169082,22,498,65,0,8,0,169667,"a","g","g",0.00293516122758109,0.00293516122758109,0.000512769130119587,0.000512769130119587,0.000129665757041735,0.000383103373077853,0.000129665757041735,0.000383103373077853,0.00344793035770067,0.00344793035770067
"103",196,196,196,196,"g",112,6,169562,22,0,7,66,169702,"g","a","a",0.00065998043629421,0.00065998043629421,0.000164995109073552,0.000164995109073552,3.53560948014755e-05,0.000129639014272077,3.53560948014755e-05,0.000129639014272077,0.000824975545367762,0.000824975545367762
"104",197,197,197,197,"a",169446,6,326,59,0,3,0,169837,"a","g","g",0.0019194875086112,0.0019194875086112,0.000382719902023705,0.000382719902023705,3.53279909560343e-05,0.000347391911067671,3.53279909560343e-05,0.000347391911067671,0.0023022074106349,0.0023022074106349
"105",198,198,198,198,"a",169410,12,424,20,0,0,1,169866,"a","g","g",0.00249608514947076,0.00249608514947076,0.000188383784865718,0.000188383784865718,7.06439193246441e-05,0.000117739865541074,7.06439193246441e-05,0.000117739865541074,0.00268446893433648,0.00268446893433648
"106",199,199,199,199,"t",45,215,20,169444,0,6,0,169724,"t","c","c",0.00126676250854328,0.00126676250854328,0.000382974711885178,0.000382974711885178,0.000265136338997431,0.000117838372887747,0.000265136338997431,0.000117838372887747,0.00164973722042846,0.00164973722042846
"107",200,200,200,200,"t",85,289,13,169246,0,0,0,169633,"t","c","c",0.00170367794002346,0.00170367794002346,0.000577717778969894,0.000577717778969894,0.000501081747065724,7.66360319041696e-05,0.000501081747065724,7.66360319041696e-05,0.00228139571899336,0.00228139571899336
"108",201,201,201,201,"g",230,9,169325,17,0,16,0,169581,"g","a","a",0.00135628401766707,0.00135628401766707,0.000153319062866713,0.000153319062866713,5.30719833000159e-05,0.000100247079566697,5.30719833000159e-05,0.000100247079566697,0.00150960308053379,0.00150960308053379
"109",202,202,202,202,"g",186,22,169476,21,0,0,0,169705,"g","a","a",0.00109601956335995,0.00109601956335995,0.000253380866798268,0.000253380866798268,0.000129636722547951,0.000123744144250317,0.000129636722547951,0.000123744144250317,0.00134940043015822,0.00134940043015822
"110",203,203,203,203,"c",21,169920,7,139,0,9,0,170087,"c","t","t",0.000817228829951731,0.000817228829951731,0.000164621634810421,0.000164621634810421,0.000123466226107815,4.11554087026051e-05,0.000123466226107815,4.11554087026051e-05,0.000981850464762151,0.000981850464762151
"111",204,204,204,204,"c",83,169913,14,135,0,0,0,170145,"c","t","t",0.000793440888653795,0.000793440888653795,0.000570101971847542,0.000570101971847542,0.000487819213024185,8.22827588233565e-05,0.000487819213024185,8.22827588233565e-05,0.00136354286050134,0.00136354286050134
"112",205,205,205,205,"c",20,170352,4,101,0,0,0,170477,"c","t","t",0.000592455287223496,0.000592455287223496,0.000140781454389742,0.000140781454389742,0.000117317878658118,2.34635757316236e-05,0.000117317878658118,2.34635757316236e-05,0.000733236741613238,0.000733236741613238
"113",206,206,206,206,"t",50,270,20,170141,0,50,0,170481,"t","c","c",0.00158375420134795,0.00158375420134795,0.000410602941090209,0.000410602941090209,0.000293287815064435,0.000117315126025774,0.000293287815064435,0.000117315126025774,0.00199435714243816,0.00199435714243816
"114",207,207,207,207,"t",42,275,9,170359,0,0,0,170685,"t","c","c",0.00161115505170343,0.00161115505170343,0.000298796027770454,0.000298796027770454,0.000246067316987433,5.27287107830214e-05,0.000246067316987433,5.27287107830214e-05,0.00190995107947388,0.00190995107947388
"115",208,208,208,208,"a",170432,14,256,27,0,14,0,170729,"a","g","g",0.00149945234845867,0.00149945234845867,0.000240146665182834,0.000240146665182834,8.20013003063334e-05,0.0001581453648765,8.20013003063334e-05,0.0001581453648765,0.0017395990136415,0.0017395990136415
"116",209,209,209,209,"a",170403,13,354,24,0,0,0,170794,"a","g","g",0.00207267234211975,0.00207267234211975,0.000216635244797827,0.000216635244797827,7.61150860100472e-05,0.000140520158787779,7.61150860100472e-05,0.000140520158787779,0.00228930758691757,0.00228930758691757
"117",210,210,210,210,"t",41,260,10,170330,0,0,0,170641,"t","c","c",0.00152366664517906,0.00152366664517906,0.0002988730727082,0.0002988730727082,0.000240270509432083,5.86025632761177e-05,0.000240270509432083,5.86025632761177e-05,0.00182253971788726,0.00182253971788726
"118",211,211,211,211,"g",204,4,170455,14,0,1,0,170677,"g","a","a",0.00119524013194514,0.00119524013194514,0.000105462364583394,0.000105462364583394,2.34360810185321e-05,8.20262835648623e-05,2.34360810185321e-05,8.20262835648623e-05,0.00130070249652853,0.00130070249652853
"119",212,212,212,212,"t",105,248,12,170239,0,21,0,170604,"t","c","c",0.00145365876532789,0.00145365876532789,0.000685798691707111,0.000685798691707111,0.000615460364352536,7.03383273545755e-05,0.000615460364352536,7.03383273545755e-05,0.002139457457035,0.002139457457035
"120",213,213,213,213,"t",10,230,1,170389,0,2,0,170630,"t","c","c",0.00134794584774073,0.00134794584774073,6.44669753267304e-05,6.44669753267304e-05,5.86063412061185e-05,5.86063412061185e-06,5.86063412061185e-05,5.86063412061185e-06,0.00141241282306746,0.00141241282306746
"121",214,214,214,214,"a",170258,9,309,28,0,27,0,170604,"a","g","g",0.00181121192938032,0.00181121192938032,0.000216876509343274,0.000216876509343274,5.27537455159316e-05,0.000164122763827343,5.27537455159316e-05,0.000164122763827343,0.00202808843872359,0.00202808843872359
"122",215,215,215,215,"c",15,170374,18,190,0,7,0,170597,"c","t","t",0.00111373588046683,0.00111373588046683,0.000193438337133713,0.000193438337133713,8.79265168789604e-05,0.000105511820254752,8.79265168789604e-05,0.000105511820254752,0.00130717421760054,0.00130717421760054
"123",216,216,216,216,"a",169969,26,509,90,0,5,1,170594,"a","g","g",0.00298369227522656,0.00298369227522656,0.000679977021466171,0.000679977021466171,0.000152408642742418,0.000527568378723753,0.000152408642742418,0.000527568378723753,0.00366366929669273,0.00366366929669273
"124",217,217,217,217,"g",83,1,170471,23,0,6,0,170578,"g","a","a",0.000486580918993071,0.000486580918993071,0.000140698097058237,0.000140698097058237,5.86242071075989e-06,0.000134835676347477,5.86242071075989e-06,0.000134835676347477,0.000627279016051308,0.000627279016051308
"125",218,218,218,218,"a",170112,18,388,66,0,10,0,170584,"a","g","g",0.0022745392299395,0.0022745392299395,0.000492426018852882,0.000492426018852882,0.00010551986118276,0.000386906157670121,0.00010551986118276,0.000386906157670121,0.00276696524879238,0.00276696524879238
"126",219,219,219,219,"a",170116,7,443,37,0,2,0,170603,"a","g","g",0.00259667180530237,0.00259667180530237,0.000257908712039061,0.000257908712039061,4.10309314607598e-05,0.000216877780578302,4.10309314607598e-05,0.000216877780578302,0.00285458051734143,0.00285458051734143
"127",220,220,220,220,"a",169955,13,533,47,0,2,0,170548,"a","g","g",0.00312521987944743,0.00312521987944743,0.000351807115885264,0.000351807115885264,7.62248751084739e-05,0.00027558224077679,7.62248751084739e-05,0.00027558224077679,0.00347702699533269,0.00347702699533269
"128",221,221,221,221,"g",63,11,170473,11,0,2,0,170558,"g","a","a",0.000369375813506256,0.000369375813506256,0.000128988379319645,0.000128988379319645,6.44941896598225e-05,6.44941896598225e-05,6.44941896598225e-05,6.44941896598225e-05,0.000498364192825901,0.000498364192825901
"129",222,222,222,222,"c",13,169903,2,491,0,7,0,170409,"c","t","t",0.00288130321755306,0.00288130321755306,8.80235198845131e-05,8.80235198845131e-05,7.62870505665781e-05,1.17364693179351e-05,7.62870505665781e-05,1.17364693179351e-05,0.00296932673743758,0.00296932673743758
"130",223,223,223,223,"t",28,352,17,169589,0,22,0,169986,"t","c","c",0.00207075876836916,0.00207075876836916,0.000264727683456285,0.000264727683456285,0.00016471944748391,0.000100008235972374,0.00016471944748391,0.000100008235972374,0.00233548645182544,0.00233548645182544
"131",224,224,224,224,"t",37,342,12,169565,0,2,0,169956,"t","c","c",0.00201228553272612,0.00201228553272612,0.000288309915507543,0.000288309915507543,0.000217703405587328,7.06065099202146e-05,0.000217703405587328,7.06065099202146e-05,0.00230059544823366,0.00230059544823366
"132",225,225,225,225,"t",85,368,20,169496,0,0,0,169969,"t","c","c",0.00216510069483259,0.00216510069483259,0.000617759709123428,0.000617759709123428,0.000500091193099918,0.00011766851602351,0.000500091193099918,0.00011766851602351,0.00278286040395602,0.00278286040395602
"133",226,226,226,226,"g",150,9,169698,30,0,2,0,169887,"g","a","a",0.000882939836479542,0.000882939836479542,0.000229564357484681,0.000229564357484681,5.29763901887725e-05,0.000176587967295908,5.29763901887725e-05,0.000176587967295908,0.00111250419396422,0.00111250419396422
"134",227,227,227,227,"a",169446,7,374,48,0,0,0,169875,"a","g","g",0.00220161883738043,0.00220161883738043,0.000323767476085357,0.000323767476085357,4.12067696835909e-05,0.000282560706401766,4.12067696835909e-05,0.000282560706401766,0.00252538631346578,0.00252538631346578
"135",228,228,228,228,"t",28,557,8,169014,0,0,0,169607,"t","c","c",0.0032840625681723,0.0032840625681723,0.000212255390402519,0.000212255390402519,0.000165087525868626,4.71678645338931e-05,0.000165087525868626,4.71678645338931e-05,0.00349631795857482,0.00349631795857482
"136",229,229,229,229,"g",95,2,169490,23,0,0,0,169610,"g","a","a",0.000560108484169565,0.000560108484169565,0.000147396969518307,0.000147396969518307,1.17917575614645e-05,0.000135605211956842,1.17917575614645e-05,0.000135605211956842,0.000707505453687872,0.000707505453687872
"137",230,230,230,230,"c",18,169461,13,104,0,3,0,169596,"c","t","t",0.000613222009953065,0.000613222009953065,0.000182787329889856,0.000182787329889856,0.000106134578645723,7.66527512441331e-05,0.000106134578645723,7.66527512441331e-05,0.000796009339842921,0.000796009339842921
"138",231,231,231,231,"t",111,298,15,168734,0,55,0,169158,"t","c","c",0.00176166660755034,0.00176166660755034,0.000744865746816586,0.000744865746816586,0.000656191253147945,8.86744936686411e-05,0.000656191253147945,8.86744936686411e-05,0.00250653235436692,0.00250653235436692
"139",232,232,232,232,"t",68,292,62,168814,0,2,0,169236,"t","c","c",0.00172540121487154,0.00172540121487154,0.000768158075114042,0.000768158075114042,0.000401805762367345,0.000366352312746697,0.000401805762367345,0.000366352312746697,0.00249355928998558,0.00249355928998558
"140",233,233,233,233,"g",198,9,168985,30,0,44,0,169222,"g","a","a",0.00117006063041449,0.00117006063041449,0.000230466487808914,0.000230466487808914,5.31845741097493e-05,0.000177281913699164,5.31845741097493e-05,0.000177281913699164,0.0014005271182234,0.0014005271182234
"141",234,234,234,234,"g",93,9,169103,52,0,3,0,169257,"g","a","a",0.000549460288200783,0.000549460288200783,0.000360398683658578,0.000360398683658578,5.31735762774952e-05,0.000307225107381083,5.31735762774952e-05,0.000307225107381083,0.000909858971859362,0.000909858971859362
"142",235,235,235,235,"g",139,10,169043,16,0,1,1,169208,"g","a","a",0.000821474161978157,0.000821474161978157,0.000153657037492317,0.000153657037492317,5.90988605739681e-05,9.4558176918349e-05,5.90988605739681e-05,9.4558176918349e-05,0.000975131199470474,0.000975131199470474
"143",236,236,236,236,"a",168500,10,520,95,0,3,0,169125,"a","g","g",0.00307464892830746,0.00307464892830746,0.000620842572062084,0.000620842572062084,5.91278640059128e-05,0.000561714708056171,5.91278640059128e-05,0.000561714708056171,0.00369549150036955,0.00369549150036955
"144",237,237,237,237,"g",994,9,168056,30,0,0,1,169089,"g","a","a",0.00587856099450585,0.00587856099450585,0.000230647765377996,0.000230647765377996,5.32264073949222e-05,0.000177421357983074,5.32264073949222e-05,0.000177421357983074,0.00610920875988385,0.00610920875988385
"145",238,238,238,238,"a",168441,14,500,76,0,5,0,169031,"a","g","g",0.00295803728310192,0.00295803728310192,0.000532446710958345,0.000532446710958345,8.28250439268537e-05,0.000449621667031491,8.28250439268537e-05,0.000449621667031491,0.00349048399406026,0.00349048399406026
"146",239,239,239,239,"a",168523,19,398,62,0,0,0,169002,"a","g","g",0.00235500171595602,0.00235500171595602,0.000479284268825221,0.000479284268825221,0.000112424705033077,0.000366859563792144,0.000112424705033077,0.000366859563792144,0.00283428598478125,0.00283428598478125
"147",240,240,240,240,"t",67,240,10,168539,0,0,0,168856,"t","c","c",0.00142132941678116,0.00142132941678116,0.000456009854550623,0.000456009854550623,0.000396787795518075,5.92220590325484e-05,0.000396787795518075,5.92220590325484e-05,0.00187733927133179,0.00187733927133179
"148",241,241,241,241,"a",168431,10,289,83,0,25,0,168813,"a","g","g",0.00171195346329963,0.00171195346329963,0.000550905439746939,0.000550905439746939,5.92371440588106e-05,0.000491668295688128,5.92371440588106e-05,0.000491668295688128,0.00226285890304657,0.00226285890304657
"149",242,242,242,242,"c",21,168535,11,151,0,25,0,168718,"c","t","t",0.000894984530399839,0.000894984530399839,0.000189665595846323,0.000189665595846323,0.00012446804727415,6.51975485721737e-05,0.00012446804727415,6.51975485721737e-05,0.00108465012624616,0.00108465012624616
"150",243,243,243,243,"a",168239,16,391,70,0,23,0,168716,"a","g","g",0.00231750397117049,0.00231750397117049,0.00050973233125489,0.00050973233125489,9.4833922093933e-05,0.000414898409160957,9.4833922093933e-05,0.000414898409160957,0.00282723630242538,0.00282723630242538
"151",244,244,244,244,"g",84,2,168509,12,0,23,0,168607,"g","a","a",0.000498199956110956,0.000498199956110956,8.30333260184927e-05,8.30333260184927e-05,1.18619037169275e-05,7.11714223015652e-05,1.18619037169275e-05,7.11714223015652e-05,0.000581233282129449,0.000581233282129449
"152",245,245,245,245,"t",98,291,12,168201,0,23,0,168602,"t","c","c",0.00172595817368714,0.00172595817368714,0.00065242405190923,0.00065242405190923,0.000581250518973678,7.11735329355524e-05,0.000581250518973678,7.11735329355524e-05,0.00237838222559637,0.00237838222559637
"153",246,246,246,246,"c",28,168324,10,116,0,31,0,168478,"c","t","t",0.000688517195123399,0.000688517195123399,0.000225548736333527,0.000225548736333527,0.000166193805719441,5.93549306140861e-05,0.000166193805719441,5.93549306140861e-05,0.000914065931456926,0.000914065931456926
"154",247,247,247,247,"a",167925,22,405,50,0,31,0,168402,"a","g","g",0.00240495956105034,0.00240495956105034,0.00042754836640895,0.00042754836640895,0.000130639778624957,0.000296908587783993,0.000130639778624957,0.000296908587783993,0.00283250792745929,0.00283250792745929
"155",248,248,248,248,"c",19,168194,9,143,0,23,0,168365,"c","t","t",0.000849345172690286,0.000849345172690286,0.000166305348498797,0.000166305348498797,0.000112850057909898,5.34552905888991e-05,0.000112850057909898,5.34552905888991e-05,0.00101565052118908,0.00101565052118908
"156",249,249,249,249,"a",167747,26,461,65,0,27,0,168299,"a","g","g",0.00273917254410305,0.00273917254410305,0.00054070434167761,0.00054070434167761,0.000154486954765031,0.000386217386912578,0.000154486954765031,0.000386217386912578,0.00327987688578066,0.00327987688578066
"157",250,250,250,250,"g",88,17,168006,37,0,28,0,168148,"g","a","a",0.000523348478721127,0.000523348478721127,0.000321145657397055,0.000321145657397055,0.000101101410662036,0.000220044246735019,0.000101101410662036,0.000220044246735019,0.000844494136118182,0.000844494136118182
"158",251,251,251,251,"a",167579,36,464,57,0,25,0,168136,"a","g","g",0.00275967074273207,0.00275967074273207,0.000553123661797592,0.000553123661797592,0.000214112385211971,0.000339011276585621,0.000214112385211971,0.000339011276585621,0.00331279440452967,0.00331279440452967
"159",252,252,252,252,"a",166518,15,1407,55,0,25,0,167995,"a","g","g",0.00837524926337093,0.00837524926337093,0.0004166790678294,0.0004166790678294,8.92883716777285e-05,0.000327390696151671,8.92883716777285e-05,0.000327390696151671,0.00879192833120033,0.00879192833120033
"160",253,253,253,253,"c",15,167710,27,125,0,26,0,167877,"c","t","t",0.000744592767323695,0.000744592767323695,0.000250183169820762,0.000250183169820762,8.93511320788434e-05,0.000160832037741918,8.93511320788434e-05,0.000160832037741918,0.000994775937144457,0.000994775937144457
"161",254,254,254,254,"a",167248,45,435,86,0,25,0,167814,"a","g","g",0.00259215560084379,0.00259215560084379,0.00078062616944951,0.00078062616944951,0.000268154027673496,0.000512472141776014,0.000268154027673496,0.000512472141776014,0.0033727817702933,0.0033727817702933
"162",255,255,255,255,"g",98,3,167591,26,0,26,0,167718,"g","a","a",0.000584314146364731,0.000584314146364731,0.000172909288209971,0.000172909288209971,1.78871677458591e-05,0.000155022120464112,1.78871677458591e-05,0.000155022120464112,0.000757223434574703,0.000757223434574703
"163",256,256,256,256,"g",159,9,167421,17,0,23,0,167606,"g","a","a",0.000948653389496796,0.000948653389496796,0.000155125711490042,0.000155125711490042,5.369736166963e-05,0.000101428349820412,5.369736166963e-05,0.000101428349820412,0.00110377910098684,0.00110377910098684
"164",257,257,257,257,"c",17,167288,13,114,0,29,0,167432,"c","t","t",0.000680873429213054,0.000680873429213054,0.000179177218213961,0.000179177218213961,0.000101533756987912,7.764346122605e-05,0.000101533756987912,7.764346122605e-05,0.000860050647427015,0.000860050647427015
"165",258,258,258,258,"a",166845,4,478,66,0,27,0,167393,"a","g","g",0.00285555548917816,0.00285555548917816,0.00041817758209722,0.00041817758209722,2.38958618341269e-05,0.000394281720263093,2.38958618341269e-05,0.000394281720263093,0.00327373307127538,0.00327373307127538
"166",259,259,259,259,"a",166862,10,434,44,0,13,0,167350,"a","g","g",0.00259336719450254,0.00259336719450254,0.000322677024200777,0.000322677024200777,5.97550044816253e-05,0.000262922019719151,5.97550044816253e-05,0.000262922019719151,0.00291604421870332,0.00291604421870332
"167",260,260,260,260,"t",38,187,6,166987,0,13,0,167218,"t","c","c",0.00111830066141205,0.00111830066141205,0.00026312956739107,0.00026312956739107,0.000227248262746833,3.58813046442369e-05,0.000227248262746833,3.58813046442369e-05,0.00138143022880312,0.00138143022880312
"168",261,261,261,261,"a",166734,20,226,66,0,22,0,167046,"a","g","g",0.00135292075236761,0.00135292075236761,0.000514828250900949,0.000514828250900949,0.000119727500209523,0.000395100750691426,0.000119727500209523,0.000395100750691426,0.00186774900326856,0.00186774900326856
"169",262,262,262,262,"g",612,11,166197,34,0,22,0,166854,"g","a","a",0.00366787730590816,0.00366787730590816,0.000269696860728541,0.000269696860728541,6.59258992891989e-05,0.000203770961439342,6.59258992891989e-05,0.000203770961439342,0.0039375741666367,0.0039375741666367
"170",263,263,263,263,"a",166166,14,491,56,0,16,0,166727,"a","g","g",0.00294493393391592,0.00294493393391592,0.000419848015018563,0.000419848015018563,8.39696030037127e-05,0.000335878412014851,8.39696030037127e-05,0.000335878412014851,0.00336478194893449,0.00336478194893449
"171",264,264,264,264,"g",73,3,166483,26,0,17,0,166585,"g","a","a",0.000438214725215356,0.000438214725215356,0.000174085301797881,0.000174085301797881,1.80088243239187e-05,0.000156076477473962,1.80088243239187e-05,0.000156076477473962,0.000612300027013236,0.000612300027013236
"172",265,265,265,265,"g",74,2,166341,17,0,13,0,166434,"g","a","a",0.000444620690483916,0.000444620690483916,0.0001141593664756,0.0001141593664756,1.20167754184842e-05,0.000102142591057116,1.20167754184842e-05,0.000102142591057116,0.000558780056959515,0.000558780056959515
"173",266,266,266,266,"a",165760,13,396,59,0,3,0,166228,"a","g","g",0.00238227013499531,0.00238227013499531,0.000433140024544601,0.000433140024544601,7.82058377649975e-05,0.000354934186779604,7.82058377649975e-05,0.000354934186779604,0.00281541015953991,0.00281541015953991
"174",267,267,267,267,"t",62,338,46,164939,0,1,0,165385,"t","c","c",0.00204371617740424,0.00204371617740424,0.000653021737158751,0.000653021737158751,0.000374882849109653,0.000278138888049098,0.000374882849109653,0.000278138888049098,0.00269673791456299,0.00269673791456299
"175",268,268,268,268,"g",115,2,165175,22,0,1,0,165314,"g","a","a",0.000695645861814486,0.000695645861814486,0.000145178266813458,0.000145178266813458,1.20981889011215e-05,0.000133080077912337,1.20981889011215e-05,0.000133080077912337,0.000840824128627944,0.000840824128627944
"176",269,269,269,269,"t",41,156,8,164965,0,1,0,165170,"t","c","c",0.000944481443361385,0.000944481443361385,0.000296664043107102,0.000296664043107102,0.000248229097293697,4.84349458134044e-05,0.000248229097293697,4.84349458134044e-05,0.00124114548646849,0.00124114548646849
"177",270,270,270,270,"a",164559,16,341,51,0,1,0,164967,"a","g","g",0.0020670800826832,0.0020670800826832,0.000406141834427492,0.000406141834427492,9.69890947886547e-05,0.000309152739638837,9.69890947886547e-05,0.000309152739638837,0.00247322191711069,0.00247322191711069
"178",271,271,271,271,"t",118,307,8,164419,0,0,0,164852,"t","c","c",0.00186227646616359,0.00186227646616359,0.000764321937252809,0.000764321937252809,0.000715793560284376,4.85283769684323e-05,0.000715793560284376,4.85283769684323e-05,0.0026265984034164,0.0026265984034164
"179",272,272,272,272,"g",148,14,164579,30,0,17,0,164771,"g","a","a",0.000898216312336516,0.000898216312336516,0.000267037282045991,0.000267037282045991,8.49664079237244e-05,0.000182070874122267,8.49664079237244e-05,0.000182070874122267,0.00116525359438251,0.00116525359438251
"180",273,273,273,273,"g",125,16,164351,42,0,0,0,164534,"g","a","a",0.000759721394970037,0.000759721394970037,0.000352510727266097,0.000352510727266097,9.72443385561647e-05,0.000255266388709932,9.72443385561647e-05,0.000255266388709932,0.00111223212223613,0.00111223212223613
"181",274,274,274,274,"c",11,164227,6,203,0,9,0,164447,"c","t","t",0.00123444027559031,0.00123444027559031,0.000103376771847465,0.000103376771847465,6.68908523718888e-05,3.64859194755757e-05,6.68908523718888e-05,3.64859194755757e-05,0.00133781704743778,0.00133781704743778
"182",275,275,275,275,"a",163806,18,491,94,0,2,0,164409,"a","g","g",0.00298645451283081,0.00298645451283081,0.000681227913313748,0.000681227913313748,0.000109483057496852,0.000571744855816896,0.000109483057496852,0.000571744855816896,0.00366768242614455,0.00366768242614455
"183",276,276,276,276,"a",163917,12,336,55,0,2,0,164320,"a","g","g",0.00204479065238559,0.00204479065238559,0.000407740993184031,0.000407740993184031,7.30282375851996e-05,0.000334712755598832,7.30282375851996e-05,0.000334712755598832,0.00245253164556962,0.00245253164556962
"184",277,277,277,277,"c",15,163942,9,113,0,1,0,164079,"c","t","t",0.000688692641959056,0.000688692641959056,0.000146271003601923,0.000146271003601923,9.14193772512022e-05,5.48516263507213e-05,9.14193772512022e-05,5.48516263507213e-05,0.00083496364556098,0.00083496364556098
"185",278,278,278,278,"t",65,344,4,163462,0,0,0,163875,"t","c","c",0.00209916094584287,0.00209916094584287,0.000421052631578947,0.000421052631578947,0.000396643783371472,2.44088482074752e-05,0.000396643783371472,2.44088482074752e-05,0.00252021357742182,0.00252021357742182
"186",279,279,279,279,"c",15,163668,5,56,0,4,0,163744,"c","t","t",0.000341997264021888,0.000341997264021888,0.000122141880007817,0.000122141880007817,9.16064100058628e-05,3.05354700019543e-05,9.16064100058628e-05,3.05354700019543e-05,0.000464139144029705,0.000464139144029705
"187",280,280,280,280,"t",51,370,10,163204,0,28,0,163635,"t","c","c",0.00226112995386073,0.00226112995386073,0.000372780884285147,0.000372780884285147,0.000311669263910533,6.11116203746142e-05,0.000311669263910533,6.11116203746142e-05,0.00263391083814587,0.00263391083814587
"188",281,281,281,281,"t",11,233,10,163385,0,3,0,163639,"t","c","c",0.00142386594882638,0.00142386594882638,0.000128331265774051,0.000128331265774051,6.72211392149793e-05,6.11101265590721e-05,6.72211392149793e-05,6.11101265590721e-05,0.00155219721460043,0.00155219721460043
"189",282,282,282,282,"t",48,958,14,162560,0,1,0,163580,"t","c","c",0.00585646167013082,0.00585646167013082,0.000379019440029343,0.000379019440029343,0.000293434405184008,8.55850348453356e-05,0.000293434405184008,8.55850348453356e-05,0.00623548111016017,0.00623548111016017
"190",283,283,283,283,"g",187,13,162986,26,0,7,0,163212,"g","a","a",0.00114574908707693,0.00114574908707693,0.000238953018160429,0.000238953018160429,7.96510060534765e-05,0.000159302012106953,7.96510060534765e-05,0.000159302012106953,0.00138470210523736,0.00138470210523736
"191",284,284,284,284,"a",162397,14,433,66,0,5,0,162910,"a","g","g",0.00265790927505985,0.00265790927505985,0.000491068688232767,0.000491068688232767,8.59370204407341e-05,0.000405131667792032,8.59370204407341e-05,0.000405131667792032,0.00314897796329262,0.00314897796329262
"192",285,285,285,285,"g",242,4,162099,20,0,1,0,162365,"g","a","a",0.00149046900501955,0.00149046900501955,0.000147815107935824,0.000147815107935824,2.46358513226373e-05,0.000123179256613186,2.46358513226373e-05,0.000123179256613186,0.00163828411295538,0.00163828411295538
"193",286,286,286,286,"a",161707,11,407,62,0,1,0,162187,"a","g","g",0.00250944896939952,0.00250944896939952,0.000450097726698194,0.000450097726698194,6.7822945118906e-05,0.000382274781579288,6.7822945118906e-05,0.000382274781579288,0.00295954669609771,0.00295954669609771
"194",287,287,287,287,"c",18,161808,9,126,0,2,0,161961,"c","t","t",0.000777965065663956,0.000777965065663956,0.000166706799785133,0.000166706799785133,0.000111137866523422,5.55689332617112e-05,0.000111137866523422,5.55689332617112e-05,0.00094467186544909,0.00094467186544909
"195",288,288,288,288,"c",22,161643,6,114,0,2,0,161785,"c","t","t",0.000704638872577804,0.000704638872577804,0.000173069196773496,0.000173069196773496,0.000135982940322032,3.70862564514634e-05,0.000135982940322032,3.70862564514634e-05,0.0008777080693513,0.0008777080693513
"196",289,289,289,289,"t",78,297,15,160403,0,4,0,160793,"t","c","c",0.00184709533375209,0.00184709533375209,0.000578383387336513,0.000578383387336513,0.000485095744217721,9.32876431187925e-05,0.000485095744217721,9.32876431187925e-05,0.0024254787210886,0.0024254787210886
"197",290,290,290,290,"c",15,160494,8,142,0,12,0,160659,"c","t","t",0.000883859603259077,0.000883859603259077,0.000143160358274357,0.000143160358274357,9.3365451048494e-05,4.97949072258635e-05,9.3365451048494e-05,4.97949072258635e-05,0.00102701996153343,0.00102701996153343
"198",291,291,291,291,"a",160220,18,313,59,0,4,0,160610,"a","g","g",0.00194882012327999,0.00194882012327999,0.000479422202851628,0.000479422202851628,0.000112072722744536,0.000367349480107092,0.000112072722744536,0.000367349480107092,0.00242824232613162,0.00242824232613162
"199",292,292,292,292,"a",159984,20,347,32,0,1,0,160383,"a","g","g",0.00216357095203357,0.00216357095203357,0.000324223889065549,0.000324223889065549,0.000124701495794442,0.000199522393271107,0.000124701495794442,0.000199522393271107,0.00248779484109912,0.00248779484109912
"200",293,293,293,293,"t",23,161,9,160021,0,1,0,160214,"t","c","c",0.00100490593830751,0.00100490593830751,0.000199732857303357,0.000199732857303357,0.000143557991186788,5.61748661165691e-05,0.000143557991186788,5.61748661165691e-05,0.00120463879561087,0.00120463879561087
"201",294,294,294,294,"a",159690,9,302,23,0,47,0,160024,"a","g","g",0.00188721691746238,0.00188721691746238,0.000199970004499325,0.000199970004499325,5.62415637654352e-05,0.00014372844073389,5.62415637654352e-05,0.00014372844073389,0.00208718692196171,0.00208718692196171
"202",295,295,295,295,"a",159610,23,289,44,0,2,0,159966,"a","g","g",0.00180663390970581,0.00180663390970581,0.000418839003288199,0.000418839003288199,0.000143780553367591,0.000275058449920608,0.000143780553367591,0.000275058449920608,0.00222547291299401,0.00222547291299401
"203",296,296,296,296,"a",159264,11,458,53,0,1,0,159786,"a","g","g",0.00286633372135231,0.00286633372135231,0.000400535716520847,0.000400535716520847,6.88420762770205e-05,0.000331693640243826,6.88420762770205e-05,0.000331693640243826,0.00326686943787316,0.00326686943787316
"204",297,297,297,297,"g",364,4,158985,11,0,1,0,159364,"g","a","a",0.00228407921487914,0.00228407921487914,9.41241434702944e-05,9.41241434702944e-05,2.50997715920785e-05,6.90243718782159e-05,2.50997715920785e-05,6.90243718782159e-05,0.00237820335834944,0.00237820335834944
"205",298,298,298,298,"c",10,159106,48,87,0,6,0,159251,"c","t","t",0.000546307401523381,0.000546307401523381,0.000364204934348921,0.000364204934348921,6.27939541980898e-05,0.000301410980150831,6.27939541980898e-05,0.000301410980150831,0.000910512335872302,0.000910512335872302
"206",299,299,299,299,"c",21,158848,3,98,0,1,0,158970,"c","t","t",0.000616468516072215,0.000616468516072215,0.000150971881487073,0.000150971881487073,0.000132100396301189,1.88714851858841e-05,0.000132100396301189,1.88714851858841e-05,0.000767440397559288,0.000767440397559288
"207",300,300,300,300,"t",46,298,2,158388,0,9,0,158734,"t","c","c",0.00187735456801945,0.00187735456801945,0.000302392682097093,0.000302392682097093,0.000289792987009714,1.25996950873789e-05,0.000289792987009714,1.25996950873789e-05,0.00217974725011655,0.00217974725011655
"208",301,301,301,301,"t",35,281,26,158236,0,6,0,158578,"t","c","c",0.00177199863789429,0.00177199863789429,0.000384668743457478,0.000384668743457478,0.000220711574114947,0.000163957169342532,0.000220711574114947,0.000163957169342532,0.00215666738135176,0.00215666738135176
"209",302,302,302,302,"g",124,9,157908,19,0,9,0,158060,"g","a","a",0.000784512210552955,0.000784512210552955,0.000177147918511957,0.000177147918511957,5.69404023788435e-05,0.000120207516133114,5.69404023788435e-05,0.000120207516133114,0.000961660129064912,0.000961660129064912
"210",303,303,303,303,"t",56,367,13,157221,0,1,0,157657,"t","c","c",0.00232783828183969,0.00232783828183969,0.000437658968520269,0.000437658968520269,0.000355201481697609,8.24574868226593e-05,0.000355201481697609,8.24574868226593e-05,0.00276549725035996,0.00276549725035996
"211",304,304,304,304,"g",119,4,157286,23,0,1,0,157432,"g","a","a",0.000755881904568322,0.000755881904568322,0.000171502617002897,0.000171502617002897,2.54077951115402e-05,0.000146094821891356,2.54077951115402e-05,0.000146094821891356,0.000927384521571218,0.000927384521571218
"212",305,305,305,305,"t",19,243,4,156803,0,4,1,157069,"t","c","c",0.00154709076902508,0.00154709076902508,0.000146432459619658,0.000146432459619658,0.000120965944903195,2.54665147164622e-05,0.000120965944903195,2.54665147164622e-05,0.00169352322864474,0.00169352322864474
"213",306,306,306,306,"a",156480,14,242,29,0,158,0,156765,"a","g","g",0.00154371192549357,0.00154371192549357,0.000274295920645552,0.000274295920645552,8.93056485822728e-05,0.000184990272063279,8.93056485822728e-05,0.000184990272063279,0.00181800784613913,0.00181800784613913
"214",307,307,307,307,"a",156333,19,364,54,0,2,0,156770,"a","g","g",0.00232187280729731,0.00232187280729731,0.000465650315749187,0.000465650315749187,0.000121196657523761,0.000344453658225426,0.000121196657523761,0.000344453658225426,0.0027875231230465,0.0027875231230465
"215",308,308,308,308,"a",156257,10,323,33,0,1,0,156623,"a","g","g",0.00206227693250672,0.00206227693250672,0.000274544607113898,0.000274544607113898,6.38475830497437e-05,0.000210697024064154,6.38475830497437e-05,0.000210697024064154,0.00233682153962062,0.00233682153962062
"216",309,309,309,309,"a",156037,17,345,41,0,1,0,156440,"a","g","g",0.00220531833290718,0.00220531833290718,0.000370749169010483,0.000370749169010483,0.000108667859882383,0.0002620813091281,0.000108667859882383,0.0002620813091281,0.00257606750191767,0.00257606750191767
"217",310,310,310,310,"t",34,170,12,155997,0,12,0,156213,"t","c","c",0.00108825769942322,0.00108825769942322,0.000294469730432166,0.000294469730432166,0.000217651539884645,7.68181905475217e-05,0.000217651539884645,7.68181905475217e-05,0.00138272742985539,0.00138272742985539
"218",311,311,311,311,"t",25,215,3,155719,0,1,0,155962,"t","c","c",0.00137854092663598,0.00137854092663598,0.000179530911375848,0.000179530911375848,0.000160295456585579,1.92354547902694e-05,0.000160295456585579,1.92354547902694e-05,0.00155807183801182,0.00155807183801182
"219",312,312,312,312,"a",155380,4,171,14,0,14,0,155569,"a","g","g",0.00109919071280268,0.00109919071280268,0.000115704285558177,0.000115704285558177,2.57120634573726e-05,8.99922221008041e-05,2.57120634573726e-05,8.99922221008041e-05,0.00121489499836086,0.00121489499836086
"220",313,313,313,313,"t",81,325,7,154571,0,4,0,154984,"t","c","c",0.00209699065710009,0.00209699065710009,0.000567800547153254,0.000567800547153254,0.000522634594538791,4.51659526144634e-05,0.000522634594538791,4.51659526144634e-05,0.00266479120425334,0.00266479120425334
"221",314,314,314,314,"c",29,154400,9,113,0,154,0,154551,"c","t","t",0.000731150235197443,0.000731150235197443,0.000245873530420379,0.000245873530420379,0.000187640325847131,5.82332045732477e-05,0.000187640325847131,5.82332045732477e-05,0.000977023765617822,0.000977023765617822
"222",315,315,315,315,"c",41,154154,7,99,0,3,0,154301,"c","t","t",0.000641603100433568,0.000641603100433568,0.000311080291119306,0.000311080291119306,0.000265714415331074,4.53658757882321e-05,0.000265714415331074,4.53658757882321e-05,0.000952683391552874,0.000952683391552874
"223",316,316,316,316,"c",33,153925,10,103,0,1,0,154071,"c","t","t",0.000668522953703163,0.000668522953703163,0.000279092106885786,0.000279092106885786,0.000214186965749557,6.49051411362294e-05,0.000214186965749557,6.49051411362294e-05,0.000947615060588949,0.000947615060588949
"224",317,317,317,317,"c",45,153589,5,117,0,1,1,153756,"c","t","t",0.000760945914305783,0.000760945914305783,0.000325190561669138,0.000325190561669138,0.000292671505502224,3.25190561669138e-05,0.000292671505502224,3.25190561669138e-05,0.00108613647597492,0.00108613647597492
"225",318,318,318,318,"a",152946,13,266,30,0,2,0,153255,"a","g","g",0.00173566930932107,0.00173566930932107,0.000280578121431601,0.000280578121431601,8.48259436886235e-05,0.000195752177742977,8.48259436886235e-05,0.000195752177742977,0.00201624743075267,0.00201624743075267
"226",319,319,319,319,"t",43,202,6,152596,0,11,0,152847,"t","c","c",0.00132158302092943,0.00132158302092943,0.000320582019928425,0.000320582019928425,0.0002813270787127,3.92549412157255e-05,0.0002813270787127,3.92549412157255e-05,0.00164216504085785,0.00164216504085785
"227",320,320,320,320,"t",32,149,5,152422,0,3,0,152608,"t","c","c",0.00097635772698679,0.00097635772698679,0.000242451247641015,0.000242451247641015,0.000209687565527364,3.27636821136507e-05,0.000209687565527364,3.27636821136507e-05,0.0012188089746278,0.0012188089746278
"228",321,321,321,321,"a",151725,13,288,23,0,8,0,152049,"a","g","g",0.00189412623562141,0.00189412623562141,0.000236765779452676,0.000236765779452676,8.54987536912443e-05,0.000151267025761432,8.54987536912443e-05,0.000151267025761432,0.00213089201507409,0.00213089201507409
"229",322,322,322,322,"t",40,320,14,151299,0,1,0,151673,"t","c","c",0.00210980200826779,0.00210980200826779,0.000356029088895189,0.000356029088895189,0.000263725251033473,9.23038378617157e-05,0.000263725251033473,9.23038378617157e-05,0.00246583109716298,0.00246583109716298
"230",323,323,323,323,"g",111,11,150617,29,0,1,0,150768,"g","a","a",0.000736230499840815,0.000736230499840815,0.000265308288230924,0.000265308288230924,7.29597792635042e-05,0.00019234850896742,7.29597792635042e-05,0.00019234850896742,0.00100153878807174,0.00100153878807174
"231",324,324,324,324,"c",15,150009,5,192,0,1,0,150221,"c","t","t",0.00127811690775591,0.00127811690775591,0.00013313717789124,0.00013313717789124,9.98528834184302e-05,3.32842944728101e-05,9.98528834184302e-05,3.32842944728101e-05,0.00141125408564715,0.00141125408564715
"232",325,325,325,325,"a",149233,29,402,36,0,1,0,149700,"a","g","g",0.00268537074148297,0.00268537074148297,0.000434201736806947,0.000434201736806947,0.0001937207748831,0.000240480961923848,0.0001937207748831,0.000240480961923848,0.00311957247828991,0.00311957247828991
"233",326,326,326,326,"t",67,189,6,148999,0,32,0,149261,"t","c","c",0.00126623833419312,0.00126623833419312,0.000489076181989937,0.000489076181989937,0.0004488781396346,4.01980423553373e-05,0.0004488781396346,4.01980423553373e-05,0.00175531451618306,0.00175531451618306
"234",327,327,327,327,"t",41,131,7,148684,0,1,0,148863,"t","c","c",0.000880003761848142,0.000880003761848142,0.000322444126478709,0.000322444126478709,0.000275421024700564,4.7023101778145e-05,0.000275421024700564,4.7023101778145e-05,0.00120244788832685,0.00120244788832685
"235",328,328,328,328,"a",146088,9,1796,45,0,27,0,147938,"a","g","g",0.0121402209033514,0.0121402209033514,0.000365017777717693,0.000365017777717693,6.08362962862821e-05,0.00030418148143141,6.08362962862821e-05,0.00030418148143141,0.0125052386810691,0.0125052386810691
"236",329,329,329,329,"c",20,147087,7,95,0,19,0,147209,"c","t","t",0.000645340977793477,0.000645340977793477,0.00018341269895183,0.00018341269895183,0.000135861258482837,4.75514404689931e-05,0.000135861258482837,4.75514404689931e-05,0.000828753676745308,0.000828753676745308
"237",330,330,330,330,"t",34,5180,6,140936,0,22,0,146156,"t","c","c",0.0354415829661458,0.0354415829661458,0.000273680177344755,0.000273680177344755,0.000232628150743042,4.10520266017132e-05,0.000232628150743042,4.10520266017132e-05,0.0357152631434905,0.0357152631434905
"238",331,331,331,331,"a",145035,14,239,29,0,38,0,145317,"a","g","g",0.00164468025076213,0.00164468025076213,0.000295904814990676,0.000295904814990676,9.63411025551037e-05,0.000199563712435572,9.63411025551037e-05,0.000199563712435572,0.0019405850657528,0.0019405850657528
"239",332,332,332,332,"t",77,205,12,144060,0,36,0,144354,"t","c","c",0.00142011998282001,0.00142011998282001,0.000616539894980395,0.000616539894980395,0.000533410920376297,8.31289746040983e-05,0.000533410920376297,8.31289746040983e-05,0.00203665987780041,0.00203665987780041
"240",333,333,333,333,"g",255,7,142093,30,0,38,0,142385,"g","a","a",0.00179091898725287,0.00179091898725287,0.000259858833444534,0.000259858833444534,4.916248200302e-05,0.000210696351441514,4.916248200302e-05,0.000210696351441514,0.0020507778206974,0.0020507778206974
"241",334,334,334,334,"a",140986,11,293,71,0,37,0,141361,"a","g","g",0.00207270746528392,0.00207270746528392,0.000580075126803008,0.000580075126803008,7.78149560345498e-05,0.000502260170768458,7.78149560345498e-05,0.000502260170768458,0.00265278259208693,0.00265278259208693
"242",335,335,335,335,"g",30637,23,108392,20,0,44,0,139072,"g","a","a",0.220295961803958,0.220295961803958,0.000309192360791532,0.000309192360791532,0.000165381960423378,0.000143810400368155,0.000165381960423378,0.000143810400368155,0.220605154164749,0.220605154164749
"243",336,336,336,336,"a",137628,11,333,65,0,36,0,138037,"a","g","g",0.00241239667625347,0.00241239667625347,0.000550577019204996,0.000550577019204996,7.96887790954599e-05,0.000470888240109536,7.96887790954599e-05,0.000470888240109536,0.00296297369545846,0.00296297369545846
"244",337,337,337,337,"t",32,227,7,136704,0,36,0,136970,"t","c","c",0.00165729721836899,0.00165729721836899,0.000284733883332117,0.000284733883332117,0.000233627801708403,5.11060816237132e-05,0.000233627801708403,5.11060816237132e-05,0.0019420311017011,0.0019420311017011
"245",338,338,338,338,"g",158,14,135552,51,0,36,0,135775,"g","a","a",0.00116368992819002,0.00116368992819002,0.000478733198306021,0.000478733198306021,0.000103111765788989,0.000375621432517032,0.000103111765788989,0.000375621432517032,0.00164242312649604,0.00164242312649604
"246",339,339,339,339,"c",7,134899,7,120,0,26,0,135033,"c","t","t",0.000888671658039146,0.000888671658039146,0.000103678360104567,0.000103678360104567,5.18391800522835e-05,5.18391800522835e-05,5.18391800522835e-05,5.18391800522835e-05,0.000992350018143713,0.000992350018143713
"247",340,340,340,340,"a",134407,8,358,49,0,21,0,134822,"a","g","g",0.00265535298393437,0.00265535298393437,0.00042277966503983,0.00042277966503983,5.93374968476955e-05,0.000363442168192135,5.93374968476955e-05,0.000363442168192135,0.0030781326489742,0.0030781326489742
"248",341,341,341,341,"a",133998,27,303,31,0,18,0,134359,"a","g","g",0.00225515224138316,0.00225515224138316,0.00043167930693143,0.00043167930693143,0.000200954160123252,0.000230725146808178,0.000200954160123252,0.000230725146808178,0.00268683154831459,0.00268683154831459
"249",342,342,342,342,"t",29,139,3,132789,0,21,0,132960,"t","c","c",0.00104542719614922,0.00104542719614922,0.000240673886883273,0.000240673886883273,0.000218110709987966,2.25631768953069e-05,0.000218110709987966,2.25631768953069e-05,0.00128610108303249,0.00128610108303249
"250",343,343,343,343,"a",132331,6,195,30,0,239,0,132562,"a","g","g",0.00147100979164466,0.00147100979164466,0.000271571038457476,0.000271571038457476,4.52618397429128e-05,0.000226309198714564,4.52618397429128e-05,0.000226309198714564,0.00174258083010214,0.00174258083010214
"251",344,344,344,344,"a",132208,10,220,26,0,18,0,132464,"a","g","g",0.00166082860248822,0.00166082860248822,0.000271771953134437,0.000271771953134437,7.54922092040101e-05,0.000196279743930426,7.54922092040101e-05,0.000196279743930426,0.00193260055562266,0.00193260055562266
"252",345,345,345,345,"a",131888,14,273,61,0,18,0,132236,"a","g","g",0.00206449075894613,0.00206449075894613,0.000567167790919266,0.000567167790919266,0.000105871320971596,0.000461296469947669,0.000105871320971596,0.000461296469947669,0.00263165854986539,0.00263165854986539
"253",346,346,346,346,"a",131301,8,289,35,0,18,0,131633,"a","g","g",0.00219549808938488,0.00219549808938488,0.000326665805687024,0.000326665805687024,6.07750336161905e-05,0.000265890772070833,6.07750336161905e-05,0.000265890772070833,0.0025221638950719,0.0025221638950719
"254",347,347,347,347,"g",105,6,127841,18,0,17,0,127970,"g","a","a",0.000820504805813863,0.000820504805813863,0.000187543955614597,0.000187543955614597,4.68859889036493e-05,0.000140657966710948,4.68859889036493e-05,0.000140657966710948,0.00100804876142846,0.00100804876142846
"255",348,348,348,348,"t",32,170,8,126905,0,17,0,127115,"t","c","c",0.00133737167132124,0.00133737167132124,0.000314675687369705,0.000314675687369705,0.000251740549895764,6.29351374739409e-05,0.000251740549895764,6.29351374739409e-05,0.00165204735869095,0.00165204735869095
"256",349,349,349,349,"g",153,6,123626,26,0,18,0,123811,"g","a","a",0.00123575449677331,0.00123575449677331,0.000258458456841476,0.000258458456841476,4.84609606577768e-05,0.000209997496183699,4.84609606577768e-05,0.000209997496183699,0.00149421295361478,0.00149421295361478
"257",350,350,350,350,"a",122483,10,232,59,0,18,0,122784,"a","g","g",0.00188949700286682,0.00188949700286682,0.000561962470680219,0.000561962470680219,8.14438363304665e-05,0.000480518634349752,8.14438363304665e-05,0.000480518634349752,0.00245145947354704,0.00245145947354704
"258",351,351,351,351,"g",131,6,119309,20,0,17,0,119466,"g","a","a",0.00109654629769139,0.00109654629769139,0.000217635143053254,0.000217635143053254,5.02234945507508e-05,0.000167411648502503,5.02234945507508e-05,0.000167411648502503,0.00131418144074465,0.00131418144074465
"259",352,352,352,352,"a",118702,6,280,62,0,1,0,119050,"a","g","g",0.00235195296094078,0.00235195296094078,0.000571188576228475,0.000571188576228475,5.03989920201596e-05,0.000520789584208316,5.03989920201596e-05,0.000520789584208316,0.00292314153716926,0.00292314153716926
"260",353,353,353,353,"c",13,117272,3,55,0,1,0,117343,"c","t","t",0.00046871138457343,0.00046871138457343,0.000136352402784998,0.000136352402784998,0.000110786327262811,2.55660755221871e-05,0.000110786327262811,2.55660755221871e-05,0.000605063787358428,0.000605063787358428
"261",354,354,354,354,"a",116480,11,271,59,0,2,0,116821,"a","g","g",0.00231978839420995,0.00231978839420995,0.000599207334297772,0.000599207334297772,9.4161152532507e-05,0.000505046181765265,9.4161152532507e-05,0.000505046181765265,0.00291899572850772,0.00291899572850772
"262",355,355,355,355,"g",55,7,112686,15,0,2,1,112763,"g","a","a",0.000487748640954923,0.000487748640954923,0.000195099456381969,0.000195099456381969,6.20770997578993e-05,0.00013302235662407,6.20770997578993e-05,0.00013302235662407,0.000682848097336892,0.000682848097336892
"263",356,356,356,356,"a",111010,13,265,27,0,0,0,111315,"a","g","g",0.00238063154112204,0.00238063154112204,0.000359340609980685,0.000359340609980685,0.000116785698243723,0.000242554911736963,0.000116785698243723,0.000242554911736963,0.00273997215110273,0.00273997215110273
"264",357,357,357,357,"t",18,108,9,108792,0,0,0,108927,"t","c","c",0.000991489713294225,0.000991489713294225,0.000247872428323556,0.000247872428323556,0.000165248285549037,8.26241427745187e-05,0.000165248285549037,8.26241427745187e-05,0.00123936214161778,0.00123936214161778
"265",358,358,358,358,"a",108478,3,166,22,0,19,0,108669,"a","g","g",0.00152757456128243,0.00152757456128243,0.000230056409831691,0.000230056409831691,2.76067691798029e-05,0.000202449640651888,2.76067691798029e-05,0.000202449640651888,0.00175763097111412,0.00175763097111412
"266",359,359,359,359,"a",108108,14,215,23,0,0,0,108360,"a","g","g",0.00198412698412698,0.00198412698412698,0.000341454411221853,0.000341454411221853,0.000129198966408269,0.000212255444813584,0.000129198966408269,0.000212255444813584,0.00232558139534884,0.00232558139534884
"267",360,360,360,360,"a",107473,11,226,14,0,0,1,107724,"a","g","g",0.00209795403067097,0.00209795403067097,0.000232074560914931,0.000232074560914931,0.00010211280680257,0.000129961754112361,0.00010211280680257,0.000129961754112361,0.0023300285915859,0.0023300285915859
"268",361,361,361,361,"t",31,127,5,104793,0,0,0,104956,"t","c","c",0.00121003087007889,0.00121003087007889,0.000343000876557796,0.000343000876557796,0.000295361865924768,4.76390106330272e-05,0.000295361865924768,4.76390106330272e-05,0.00155303174663669,0.00155303174663669
"269",362,362,362,362,"g",122,3,103711,23,0,41,0,103859,"g","a","a",0.00117466950384656,0.00117466950384656,0.000250339402459103,0.000250339402459103,2.88853156683581e-05,0.000221454086790745,2.88853156683581e-05,0.000221454086790745,0.00142500890630566,0.00142500890630566
"270",363,363,363,363,"g",84,9,101906,30,0,0,0,102029,"g","a","a",0.000823295337600094,0.000823295337600094,0.000382244263885758,0.000382244263885758,8.82102147428672e-05,0.000294034049142891,8.82102147428672e-05,0.000294034049142891,0.00120553960148585,0.00120553960148585
"271",364,364,364,364,"g",47,5,99667,20,0,0,0,99739,"g","a","a",0.00047122991006527,0.00047122991006527,0.000250654207481527,0.000250654207481527,5.01308414963054e-05,0.000200523365985221,5.01308414963054e-05,0.000200523365985221,0.000721884117546797,0.000721884117546797
"272",365,365,365,365,"g",58,1,96753,17,0,0,0,96829,"g","a","a",0.000598994103006331,0.000598994103006331,0.000185894721622654,0.000185894721622654,1.03274845345919e-05,0.000175567237088062,1.03274845345919e-05,0.000175567237088062,0.000784888824628985,0.000784888824628985
"273",366,366,366,366,"a",94354,5,190,26,0,0,0,94575,"a","g","g",0.00200898757599789,0.00200898757599789,0.000327782183452287,0.000327782183452287,5.28680941052075e-05,0.000274914089347079,5.28680941052075e-05,0.000274914089347079,0.00233676975945017,0.00233676975945017
"274",367,367,367,367,"t",28,140,8,93325,0,3,0,93501,"t","c","c",0.00149731018919584,0.00149731018919584,0.00038502262007893,0.00038502262007893,0.000299462037839167,8.55605822397621e-05,0.000299462037839167,8.55605822397621e-05,0.00188233280927477,0.00188233280927477
"275",368,368,368,368,"t",25,129,3,91990,0,0,0,92147,"t","c","c",0.00139993705709356,0.00139993705709356,0.000303862306966043,0.000303862306966043,0.000271305631219682,3.25566757463618e-05,0.000271305631219682,3.25566757463618e-05,0.0017037993640596,0.0017037993640596
"276",369,369,369,369,"g",125,6,88073,10,0,5,0,88214,"g","a","a",0.00141700863808466,0.00141700863808466,0.000181377105674836,0.000181377105674836,6.80164146280636e-05,0.000113360691046773,6.80164146280636e-05,0.000113360691046773,0.00159838574375949,0.00159838574375949
"277",370,370,370,370,"a",87075,6,162,41,0,0,0,87284,"a","g","g",0.00185601026534073,0.00185601026534073,0.000538472114018606,0.000538472114018606,6.87411209385454e-05,0.00046973099308006,6.87411209385454e-05,0.00046973099308006,0.00239448237935933,0.00239448237935933
"278",371,371,371,371,"c",13,86268,2,98,0,1,0,86381,"c","t","t",0.0011345087461363,0.0011345087461363,0.000173649297878006,0.000173649297878006,0.000150496058160938,2.31532397170674e-05,0.000150496058160938,2.31532397170674e-05,0.00130815804401431,0.00130815804401431
"279",372,372,372,372,"a",86039,7,158,47,0,18,0,86251,"a","g","g",0.00183186281898181,0.00183186281898181,0.000626079697626694,0.000626079697626694,8.11584793219789e-05,0.000544921218304715,8.11584793219789e-05,0.000544921218304715,0.0024579425166085,0.0024579425166085
"280",373,373,373,373,"a",85984,4,158,31,0,0,0,86177,"a","g","g",0.00183343583554777,0.00183343583554777,0.000406140849646657,0.000406140849646657,4.64160971024751e-05,0.000359724752544182,4.64160971024751e-05,0.000359724752544182,0.00223957668519443,0.00223957668519443
"281",374,374,374,374,"a",85698,9,144,21,0,0,0,85872,"a","g","g",0.00167691447736165,0.00167691447736165,0.000349357182783678,0.000349357182783678,0.000104807154835103,0.000244550027948575,0.000104807154835103,0.000244550027948575,0.00202627166014533,0.00202627166014533
"282",375,375,375,375,"a",84851,19,107,13,0,1,0,84990,"a","g","g",0.00125897164372279,0.00125897164372279,0.000376514884104012,0.000376514884104012,0.000223555712436757,0.000152959171667255,0.000223555712436757,0.000152959171667255,0.0016354865278268,0.0016354865278268
"283",376,376,376,376,"t",29,106,6,78940,0,1,0,79081,"t","c","c",0.00134039781995675,0.00134039781995675,0.000442584185834777,0.000442584185834777,0.000366712611120244,7.58715747145332e-05,0.000366712611120244,7.58715747145332e-05,0.00178298200579153,0.00178298200579153
"284",377,377,377,377,"c",15,76108,3,69,0,1,0,76195,"c","t","t",0.000905571231708117,0.000905571231708117,0.000236235973489074,0.000236235973489074,0.000196863311240895,3.9372662248179e-05,0.000196863311240895,3.9372662248179e-05,0.00114180720519719,0.00114180720519719
"285",378,378,378,378,"a",74414,6,292,17,0,0,0,74729,"a","g","g",0.00390745226083582,0.00390745226083582,0.000307778773969945,0.000307778773969945,8.02901149486812e-05,0.000227488659021264,8.02901149486812e-05,0.000227488659021264,0.00421523103480576,0.00421523103480576
"286",379,379,379,NA,"t",12,115,4,71457,0,0,0,71588,"t","c","c",0.00160641448287422,0.00160641448287422,0.00022350114544337,0.00022350114544337,0.000167625859082528,5.58752863608426e-05,0.000167625859082528,5.58752863608426e-05,0.0018299156283176,0.0018299156283176
"287",380,380,380,NA,"c",10,69282,2,63,0,10,0,69357,"c","t","t",0.000908343786495956,0.000908343786495956,0.000173017864094468,0.000173017864094468,0.000144181553412056,2.88363106824113e-05,0.000144181553412056,2.88363106824113e-05,0.00108136165059042,0.00108136165059042
"288",381,381,381,NA,"a",68828,9,97,14,0,9,0,68948,"a","g","g",0.00140685734176481,0.00140685734176481,0.000333584730521552,0.000333584730521552,0.000130533155421477,0.000203051575100075,0.000130533155421477,0.000203051575100075,0.00174044207228636,0.00174044207228636
"289",382,382,382,NA,"a",67830,6,97,16,0,5,0,67949,"a","g","g",0.00142754124416842,0.00142754124416842,0.000323772240945415,0.000323772240945415,8.83015202578404e-05,0.000235470720687574,8.83015202578404e-05,0.000235470720687574,0.00175131348511384,0.00175131348511384
"290",383,383,383,NA,"c",6,64729,1,41,0,6,0,64777,"c","t","t",0.000632940704262315,0.000632940704262315,0.000108063047069176,0.000108063047069176,9.26254689164364e-05,1.54375781527394e-05,9.26254689164364e-05,1.54375781527394e-05,0.000741003751331491,0.000741003751331491
"291",384,384,384,NA,"a",63604,6,84,15,0,5,0,63709,"a","g","g",0.00131849503209908,0.00131849503209908,0.000329623758024769,0.000329623758024769,9.41782165785054e-05,0.000235445541446263,9.41782165785054e-05,0.000235445541446263,0.00164811879012384,0.00164811879012384
"292",385,385,385,379,"a",60903,2,97,9,0,5,0,61011,"a","g","g",0.00158987723525266,0.00158987723525266,0.000180295356575044,0.000180295356575044,3.27809739227352e-05,0.000147514382652309,3.27809739227352e-05,0.000147514382652309,0.0017701725918277,0.0017701725918277
"293",386,386,386,380,"t",10,53,0,55637,0,5,0,55700,"t","c","c",0.000951526032315978,0.000951526032315978,0.000179533213644524,0.000179533213644524,0.000179533213644524,0,0.000179533213644524,0,0.0011310592459605,0.0011310592459605
"294",387,387,387,381,"a",54890,2,46,13,0,10,0,54951,"a","g","g",0.000837109424760241,0.000837109424760241,0.000272970464595731,0.000272970464595731,3.63960619460974e-05,0.000236574402649633,3.63960619460974e-05,0.000236574402649633,0.00111007988935597,0.00111007988935597
"295",388,388,388,382,"a",53842,7,63,4,0,5,0,53916,"a","g","g",0.00116848430892499,0.00116848430892499,0.000204021069812301,0.000204021069812301,0.000129831589880555,7.41894799317457e-05,0.000129831589880555,7.41894799317457e-05,0.00137250537873729,0.00137250537873729
"296",389,389,389,383,"c",12,51209,1,45,0,5,0,51267,"c","t","t",0.000877757621862016,0.000877757621862016,0.000253574424093471,0.000253574424093471,0.000234068699163204,1.9505724930267e-05,0.000234068699163204,1.9505724930267e-05,0.00113133204595549,0.00113133204595549
"297",390,390,390,384,"a",51014,5,38,2,0,4,0,51059,"a","g","g",0.000744237059088505,0.000744237059088505,0.000137096300358409,0.000137096300358409,9.79259288274349e-05,3.9170371530974e-05,9.79259288274349e-05,3.9170371530974e-05,0.000881333359446914,0.000881333359446914
"298",391,391,391,385,"a",50656,3,64,9,0,4,0,50732,"a","g","g",0.00126153118347394,0.00126153118347394,0.000236537096901364,0.000236537096901364,5.9134274225341e-05,0.000177402822676023,5.9134274225341e-05,0.000177402822676023,0.00149806828037531,0.00149806828037531
"299",392,392,392,386,"c",5,45467,2,22,0,5,0,45496,"c","t","t",0.000483558994197292,0.000483558994197292,0.000153859679971866,0.000153859679971866,0.000109899771408475,4.39599085633902e-05,0.000109899771408475,4.39599085633902e-05,0.000637418674169158,0.000637418674169158
"300",393,393,393,387,"a",44136,4,36,13,0,4,0,44189,"a","g","g",0.000814682387019394,0.000814682387019394,0.000384711127203603,0.000384711127203603,9.05202652243771e-05,0.000294190861979226,9.05202652243771e-05,0.000294190861979226,0.001199393514223,0.001199393514223
"301",394,394,394,388,"a",42504,4,29,5,0,4,0,42542,"a","g","g",0.000681679281651074,0.000681679281651074,0.000211555639133092,0.000211555639133092,9.40247285035964e-05,0.000117530910629496,9.40247285035964e-05,0.000117530910629496,0.000893234920784166,0.000893234920784166
"302",395,395,395,389,"c",2573,4258,0,0,0,4,0,6831,"c","t","t",0,0,0.376665202752159,0.376665202752159,0.376665202752159,0,0.376665202752159,0,0.376665202752159,0.376665202752159
"303",396,396,396,390,"a",322,0,0,0,0,4,0,322,"a","g","g",0,0,0,0,0,0,0,0,0,0
"304",397,397,397,391,"g",0,0,196,0,0,4,0,196,"g","a","a",0,0,0,0,0,0,0,0,0,0
"305",398,398,398,392,"c",0,198,0,0,0,0,0,198,"c","t","t",0,0,0,0,0,0,0,0,0,0
"306",399,399,399,393,"a",197,0,0,0,0,0,0,197,"a","g","g",0,0,0,0,0,0,0,0,0,0
"307",400,400,400,394,"a",0,156,0,0,0,0,0,156,"c","t","g",0,0,0,1,0,0,0,0,0,1
"308",401,401,401,395,"c",0,156,0,0,0,0,0,156,"c","t","t",0,0,0,0,0,0,0,0,0,0
"309",402,402,402,396,"a",154,2,0,0,0,0,0,156,"a","g","g",0,0,0.0128205128205128,0.0128205128205128,0.0128205128205128,0,0.0128205128205128,0,0.0128205128205128,0.0128205128205128
"310",403,403,403,397,"a",153,0,1,0,0,0,0,154,"a","g","g",0.00649350649350649,0.00649350649350649,0,0,0,0,0,0,0.00649350649350649,0.00649350649350649
"311",404,404,404,398,"c",0,151,0,0,0,2,0,151,"c","t","t",0,0,0,0,0,0,0,0,0,0
"312",405,405,405,399,"a",153,0,0,0,0,0,0,153,"a","g","g",0,0,0,0,0,0,0,0,0,0
"313",406,406,406,400,"a",153,0,0,0,0,0,0,153,"a","g","g",0,0,0,0,0,0,0,0,0,0
"314",407,407,407,401,"c",0,153,0,0,0,0,0,153,"c","t","t",0,0,0,0,0,0,0,0,0,0
"315",408,408,408,402,"a",152,0,0,0,0,0,0,152,"a","g","g",0,0,0,0,0,0,0,0,0,0
"316",409,409,409,403,"c",0,152,0,0,0,0,0,152,"c","t","t",0,0,0,0,0,0,0,0,0,0
"317",410,410,410,404,"c",0,152,0,0,0,0,0,152,"c","t","t",0,0,0,0,0,0,0,0,0,0
"318",411,411,411,405,"a",151,0,0,0,0,0,0,151,"a","g","g",0,0,0,0,0,0,0,0,0,0
"319",412,412,412,406,"a",151,0,0,0,0,0,0,151,"a","g","g",0,0,0,0,0,0,0,0,0,0
"320",413,413,413,407,"a",151,0,0,0,0,0,0,151,"a","g","g",0,0,0,0,0,0,0,0,0,0
"321",414,414,414,408,"t",0,0,0,151,0,0,0,151,"t","c","c",0,0,0,0,0,0,0,0,0,0
"322",415,415,415,409,"a",151,0,0,0,0,0,0,151,"a","g","g",0,0,0,0,0,0,0,0,0,0
"323",416,416,416,410,"c",0,150,0,0,0,0,0,150,"c","t","t",0,0,0,0,0,0,0,0,0,0
"324",417,417,417,411,"a",150,0,0,0,0,0,0,150,"a","g","g",0,0,0,0,0,0,0,0,0,0
"325",418,418,418,412,"a",150,0,0,0,0,0,0,150,"a","g","g",0,0,0,0,0,0,0,0,0,0
"326",419,419,419,413,"c",1,148,0,0,0,0,0,149,"c","t","t",0,0,0.00671140939597315,0.00671140939597315,0.00671140939597315,0,0.00671140939597315,0,0.00671140939597315,0.00671140939597315
"327",420,420,420,414,"a",147,0,0,0,0,0,0,147,"a","g","g",0,0,0,0,0,0,0,0,0,0
"328",421,421,421,415,"t",0,1,0,146,0,0,0,147,"t","c","c",0.00680272108843537,0.00680272108843537,0,0,0,0,0,0,0.00680272108843537,0.00680272108843537
"329",422,422,422,416,"c",0,146,0,1,0,0,0,147,"c","t","t",0.00680272108843537,0.00680272108843537,0,0,0,0,0,0,0.00680272108843537,0.00680272108843537
"330",423,423,423,417,"a",147,0,0,0,0,0,0,147,"a","g","g",0,0,0,0,0,0,0,0,0,0
"331",424,424,424,418,"a",147,0,0,0,0,0,0,147,"a","g","g",0,0,0,0,0,0,0,0,0,0
"332",425,425,425,419,"c",0,146,0,0,0,0,0,146,"c","t","t",0,0,0,0,0,0,0,0,0,0
"333",426,426,426,420,"a",144,0,0,0,0,0,0,144,"a","g","g",0,0,0,0,0,0,0,0,0,0
"334",427,427,427,421,"a",144,0,0,0,0,0,0,144,"a","g","g",0,0,0,0,0,0,0,0,0,0
"335",428,428,428,422,"a",143,0,0,0,0,0,0,143,"a","g","g",0,0,0,0,0,0,0,0,0,0
"336",429,429,429,423,"g",0,0,140,0,0,0,0,140,"g","a","a",0,0,0,0,0,0,0,0,0,0
"337",430,430,430,NA,"t",0,0,0,139,0,0,0,139,"t","c","c",0,0,0,0,0,0,0,0,0,0
"338",431,431,431,NA,"c",0,138,0,0,0,0,0,138,"c","t","t",0,0,0,0,0,0,0,0,0,0
"339",432,432,432,NA,"a",138,0,0,0,0,0,0,138,"a","g","g",0,0,0,0,0,0,0,0,0,0
"340",433,433,433,424,"a",138,0,0,0,0,0,0,138,"a","g","g",0,0,0,0,0,0,0,0,0,0
"341",434,434,434,425,"t",0,0,0,49,0,88,0,49,"t","c","c",0,0,0,0,0,0,0,0,0,0
"342",435,435,435,426,"a",27,0,0,0,0,88,0,27,"a","g","g",0,0,0,0,0,0,0,0,0,0
"343",436,436,436,427,"g",0,0,51,0,0,88,0,51,"g","a","a",0,0,0,0,0,0,0,0,0,0
"344",437,437,437,428,"a",51,0,0,0,0,88,0,51,"a","g","g",0,0,0,0,0,0,0,0,0,0
"345",438,438,438,429,"c",0,51,0,0,0,88,0,51,"c","t","t",0,0,0,0,0,0,0,0,0,0
"346",439,439,439,430,"a",51,0,0,0,0,88,0,51,"a","g","g",0,0,0,0,0,0,0,0,0,0
"347",440,440,440,431,"t",0,0,0,51,0,88,0,51,"t","c","c",0,0,0,0,0,0,0,0,0,0
"348",441,441,441,432,"g",0,0,51,0,0,88,0,51,"g","a","a",0,0,0,0,0,0,0,0,0,0
"349",442,442,442,433,"g",0,0,51,0,0,88,0,51,"g","a","a",0,0,0,0,0,0,0,0,0,0
"350",443,443,443,434,"t",0,0,0,50,0,88,0,50,"t","c","c",0,0,0,0,0,0,0,0,0,0
"351",444,444,444,435,"c",0,50,0,0,0,88,0,50,"c","t","t",0,0,0,0,0,0,0,0,0,0
"352",445,445,445,436,"a",50,0,0,0,0,88,0,50,"a","g","g",0,0,0,0,0,0,0,0,0,0
"353",446,446,446,437,"a",50,0,0,0,0,88,0,50,"a","g","g",0,0,0,0,0,0,0,0,0,0
"354",447,447,447,438,"t",0,0,0,50,0,88,0,50,"t","c","c",0,0,0,0,0,0,0,0,0,0
"355",448,448,448,439,"g",0,0,51,0,0,88,0,51,"g","a","a",0,0,0,0,0,0,0,0,0,0
"356",449,449,449,440,"a",51,0,0,0,0,88,0,51,"a","g","g",0,0,0,0,0,0,0,0,0,0
"357",450,450,450,441,"g",0,0,51,0,0,88,0,51,"g","a","a",0,0,0,0,0,0,0,0,0,0
"358",451,451,451,442,"a",51,0,0,0,0,88,0,51,"a","g","g",0,0,0,0,0,0,0,0,0,0
"359",452,452,452,443,"c",0,51,0,0,0,88,0,51,"c","t","t",0,0,0,0,0,0,0,0,0,0
"360",453,453,453,444,"t",0,0,0,51,0,88,0,51,"t","c","c",0,0,0,0,0,0,0,0,0,0
"361",454,454,454,445,"a",52,0,0,0,0,88,0,52,"a","g","g",0,0,0,0,0,0,0,0,0,0
"362",455,455,455,446,"g",0,0,52,0,0,88,0,52,"g","a","a",0,0,0,0,0,0,0,0,0,0
"363",456,456,456,447,"t",0,0,0,58,0,88,0,58,"t","c","c",0,0,0,0,0,0,0,0,0,0
"364",457,457,457,448,"t",0,0,0,59,0,88,0,59,"t","c","c",0,0,0,0,0,0,0,0,0,0
"365",458,458,458,449,"c",0,59,0,0,0,88,0,59,"c","t","t",0,0,0,0,0,0,0,0,0,0
"366",459,459,459,450,"t",0,0,0,59,0,88,0,59,"t","c","c",0,0,0,0,0,0,0,0,0,0
"367",460,460,460,451,"t",0,0,0,59,0,88,0,59,"t","c","c",0,0,0,0,0,0,0,0,0,0
"368",461,461,461,452,"g",0,0,59,0,0,88,0,59,"g","a","a",0,0,0,0,0,0,0,0,0,0
"369",462,462,462,453,"t",0,0,0,59,0,88,0,59,"t","c","c",0,0,0,0,0,0,0,0,0,0
"370",463,463,463,454,"a",59,0,0,0,0,88,0,59,"a","g","g",0,0,0,0,0,0,0,0,0,0
"371",464,464,464,455,"t",0,0,0,59,0,88,0,59,"t","c","c",0,0,0,0,0,0,0,0,0,0
"372",465,465,465,456,"a",59,0,0,0,0,88,0,59,"a","g","g",0,0,0,0,0,0,0,0,0,0
"373",466,466,466,457,"g",0,0,56,0,0,88,0,56,"g","a","a",0,0,0,0,0,0,0,0,0,0
"374",467,467,467,458,"t",0,0,0,76,0,88,0,76,"t","c","c",0,0,0,0,0,0,0,0,0,0
"375",468,468,468,459,"t",0,0,0,172,0,0,0,172,"t","c","c",0,0,0,0,0,0,0,0,0,0
"376",469,469,469,460,"c",0,172,0,0,0,0,0,172,"c","t","t",0,0,0,0,0,0,0,0,0,0
"377",470,470,470,461,"a",172,0,0,0,0,0,0,172,"a","g","g",0,0,0,0,0,0,0,0,0,0
"378",471,471,471,462,"t",0,0,0,173,0,0,0,173,"t","c","c",0,0,0,0,0,0,0,0,0,0
"379",472,472,472,463,"g",1,0,171,0,0,0,0,172,"g","a","a",0.00581395348837209,0.00581395348837209,0,0,0,0,0,0,0.00581395348837209,0.00581395348837209
"380",473,473,473,464,"a",178,0,0,0,0,0,0,178,"a","g","g",0,0,0,0,0,0,0,0,0,0
"381",474,474,474,465,"t",0,0,0,179,0,0,0,179,"t","c","c",0,0,0,0,0,0,0,0,0,0
"382",475,475,475,466,"a",176,0,1,0,0,0,0,177,"a","g","g",0.00564971751412429,0.00564971751412429,0,0,0,0,0,0,0.00564971751412429,0.00564971751412429
"383",476,476,476,467,"a",176,0,1,0,0,0,0,177,"a","g","g",0.00564971751412429,0.00564971751412429,0,0,0,0,0,0,0.00564971751412429,0.00564971751412429
"384",477,477,477,468,"t",0,1,0,176,0,0,0,177,"t","c","c",0.00564971751412429,0.00564971751412429,0,0,0,0,0,0,0.00564971751412429,0.00564971751412429
"385",478,478,478,469,"t",0,0,0,177,0,0,0,177,"t","c","c",0,0,0,0,0,0,0,0,0,0
"386",479,479,479,470,"g",0,0,177,0,0,0,0,177,"g","a","a",0,0,0,0,0,0,0,0,0,0
"387",480,480,480,471,"c",0,174,0,0,0,0,0,174,"c","t","t",0,0,0,0,0,0,0,0,0,0
"388",481,481,481,472,"a",174,0,0,0,0,0,0,174,"a","g","g",0,0,0,0,0,0,0,0,0,0
"389",482,482,482,473,"c",0,174,0,0,0,0,0,174,"c","t","t",0,0,0,0,0,0,0,0,0,0
"390",483,483,483,474,"a",173,0,1,0,0,0,0,174,"a","g","g",0.00574712643678161,0.00574712643678161,0,0,0,0,0,0,0.00574712643678161,0.00574712643678161
"391",484,484,484,475,"g",0,0,165,0,0,0,0,165,"g","a","a",0,0,0,0,0,0,0,0,0,0
"392",485,485,485,476,"g",0,0,153,0,0,0,0,153,"g","a","a",0,0,0,0,0,0,0,0,0,0
"393",486,486,486,477,"c",0,153,0,0,0,0,0,153,"c","t","t",0,0,0,0,0,0,0,0,0,0
"394",487,487,487,478,"t",0,0,0,151,0,0,0,151,"t","c","c",0,0,0,0,0,0,0,0,0,0
"395",488,488,488,479,"t",0,0,0,204,0,0,0,204,"t","c","c",0,0,0,0,0,0,0,0,0,0
"396",489,489,489,480,"g",0,0,202,0,0,0,0,202,"g","a","a",0,0,0,0,0,0,0,0,0,0
"397",490,490,490,481,"g",0,0,203,0,0,0,0,203,"g","a","a",0,0,0,0,0,0,0,0,0,0
"398",491,491,491,482,"a",247,0,1,0,0,0,0,248,"a","g","g",0.00403225806451613,0.00403225806451613,0,0,0,0,0,0,0.00403225806451613,0.00403225806451613
"399",492,492,492,483,"a",247,0,0,0,0,0,0,247,"a","g","g",0,0,0,0,0,0,0,0,0,0
"400",493,493,493,484,"c",0,244,0,1,0,0,0,245,"c","t","t",0.00408163265306122,0.00408163265306122,0,0,0,0,0,0,0.00408163265306122,0.00408163265306122
"401",494,494,494,485,"a",244,0,1,0,0,0,0,245,"a","g","g",0.00408163265306122,0.00408163265306122,0,0,0,0,0,0,0.00408163265306122,0.00408163265306122
"402",495,495,495,486,"a",245,0,0,0,0,0,0,245,"a","g","g",0,0,0,0,0,0,0,0,0,0
"403",496,496,496,487,"g",0,0,245,0,0,0,0,245,"g","a","a",0,0,0,0,0,0,0,0,0,0
"404",497,497,497,488,"a",242,0,2,0,0,0,0,244,"a","g","g",0.00819672131147541,0.00819672131147541,0,0,0,0,0,0,0.00819672131147541,0.00819672131147541
"405",498,498,498,489,"g",0,0,237,0,0,0,0,237,"g","a","a",0,0,0,0,0,0,0,0,0,0
"406",499,499,499,490,"c",0,235,0,1,0,0,0,236,"c","t","t",0.00423728813559322,0.00423728813559322,0,0,0,0,0,0,0.00423728813559322,0.00423728813559322
"407",500,500,500,491,"a",236,0,0,0,0,0,0,236,"a","g","g",0,0,0,0,0,0,0,0,0,0
"408",501,501,501,492,"a",235,0,0,0,0,0,0,235,"a","g","g",0,0,0,0,0,0,0,0,0,0
"409",502,502,502,493,"a",232,0,1,0,0,0,0,233,"a","g","g",0.00429184549356223,0.00429184549356223,0,0,0,0,0,0,0.00429184549356223,0.00429184549356223
"410",503,503,503,494,"t",0,1,0,229,0,0,0,230,"t","c","c",0.00434782608695652,0.00434782608695652,0,0,0,0,0,0,0.00434782608695652,0.00434782608695652
"411",504,504,504,495,"g",1,0,227,0,0,0,0,228,"g","a","a",0.0043859649122807,0.0043859649122807,0,0,0,0,0,0,0.0043859649122807,0.0043859649122807
"412",505,505,505,496,"a",227,0,1,0,0,0,0,228,"a","g","g",0.0043859649122807,0.0043859649122807,0,0,0,0,0,0,0.0043859649122807,0.0043859649122807
"413",506,506,506,497,"t",0,0,0,223,0,0,0,223,"t","c","c",0,0,0,0,0,0,0,0,0,0
"414",507,507,507,498,"a",222,0,0,0,0,0,0,222,"a","g","g",0,0,0,0,0,0,0,0,0,0
"415",508,508,508,499,"g",0,0,216,0,0,0,0,216,"g","a","a",0,0,0,0,0,0,0,0,0,0
"416",509,509,509,500,"g",0,0,214,0,0,0,0,214,"g","a","a",0,0,0,0,0,0,0,0,0,0
"417",510,510,510,501,"c",0,215,0,0,0,0,0,215,"c","t","t",0,0,0,0,0,0,0,0,0,0
"418",511,511,511,502,"t",0,0,0,212,0,0,0,212,"t","c","c",0,0,0,0,0,0,0,0,0,0
"419",512,512,512,503,"g",0,0,209,0,0,0,0,209,"g","a","a",0,0,0,0,0,0,0,0,0,0
"420",513,513,513,504,"t",0,0,0,208,0,0,0,208,"t","c","c",0,0,0,0,0,0,0,0,0,0
"421",514,514,514,505,"a",207,0,1,0,0,0,0,208,"a","g","g",0.00480769230769231,0.00480769230769231,0,0,0,0,0,0,0.00480769230769231,0.00480769230769231
"422",515,515,515,506,"a",208,0,0,0,0,0,0,208,"a","g","g",0,0,0,0,0,0,0,0,0,0
"423",516,516,516,507,"a",207,0,0,0,0,0,0,207,"a","g","g",0,0,0,0,0,0,0,0,0,0
"424",517,517,517,508,"t",0,0,0,206,0,0,0,206,"t","c","c",0,0,0,0,0,0,0,0,0,0
"425",518,518,518,509,"t",0,0,0,204,0,0,0,204,"t","c","c",0,0,0,0,0,0,0,0,0,0
"426",519,519,519,510,"c",0,204,0,1,0,0,0,205,"c","t","t",0.0048780487804878,0.0048780487804878,0,0,0,0,0,0,0.0048780487804878,0.0048780487804878
"427",520,520,520,511,"a",205,0,0,0,0,0,0,205,"a","g","g",0,0,0,0,0,0,0,0,0,0
"428",521,521,521,512,"a",205,0,0,0,0,0,0,205,"a","g","g",0,0,0,0,0,0,0,0,0,0
"429",522,522,522,513,"c",0,204,0,0,0,0,0,204,"c","t","t",0,0,0,0,0,0,0,0,0,0
"430",523,523,523,514,"a",203,0,0,0,0,0,0,203,"a","g","g",0,0,0,0,0,0,0,0,0,0
"431",524,524,524,515,"t",0,0,0,201,0,0,0,201,"t","c","c",0,0,0,0,0,0,0,0,0,0
"432",525,525,525,516,"g",0,0,197,0,0,0,0,197,"g","a","a",0,0,0,0,0,0,0,0,0,0
"433",526,526,526,517,"a",194,0,0,0,0,0,0,194,"a","g","g",0,0,0,0,0,0,0,0,0,0
"434",527,527,527,518,"c",0,190,0,0,0,0,0,190,"c","t","t",0,0,0,0,0,0,0,0,0,0
"435",528,528,528,519,"a",190,0,0,0,0,0,0,190,"a","g","g",0,0,0,0,0,0,0,0,0,0
"436",529,529,529,520,"g",0,0,186,0,0,0,0,186,"g","a","a",0,0,0,0,0,0,0,0,0,0
"437",530,530,530,521,"g",0,0,175,0,0,0,0,175,"g","a","a",0,0,0,0,0,0,0,0,0,0
"438",531,531,531,522,"g",0,0,169,0,0,0,0,169,"g","a","a",0,0,0,0,0,0,0,0,0,0
"439",532,532,532,523,"t",0,0,0,170,0,0,0,170,"t","c","c",0,0,0,0,0,0,0,0,0,0
"440",533,533,533,524,"t",0,0,0,172,0,0,0,172,"t","c","c",0,0,0,0,0,0,0,0,0,0
"441",534,534,534,525,"a",171,0,1,0,0,0,0,172,"a","g","g",0.00581395348837209,0.00581395348837209,0,0,0,0,0,0,0.00581395348837209,0.00581395348837209
"442",535,535,535,526,"a",174,1,0,0,0,0,0,175,"a","g","g",0,0,0.00571428571428571,0.00571428571428571,0.00571428571428571,0,0.00571428571428571,0,0.00571428571428571,0.00571428571428571
"443",536,536,536,527,"a",175,0,1,0,0,0,0,176,"a","g","g",0.00568181818181818,0.00568181818181818,0,0,0,0,0,0,0.00568181818181818,0.00568181818181818
"444",537,537,537,528,"a",176,0,0,0,0,0,0,176,"a","g","g",0,0,0,0,0,0,0,0,0,0
"445",538,538,538,529,"a",178,0,0,0,0,0,0,178,"a","g","g",0,0,0,0,0,0,0,0,0,0
"446",539,539,539,530,"g",0,0,182,0,0,0,0,182,"g","a","a",0,0,0,0,0,0,0,0,0,0
"447",540,540,540,531,"a",183,0,0,0,0,0,0,183,"a","g","g",0,0,0,0,0,0,0,0,0,0
"448",541,541,541,532,"g",1,0,186,0,0,0,0,187,"g","a","a",0.0053475935828877,0.0053475935828877,0,0,0,0,0,0,0.0053475935828877,0.0053475935828877
"449",542,542,542,533,"a",191,0,0,1,0,0,0,192,"a","g","g",0,0,0.00520833333333333,0.00520833333333333,0,0.00520833333333333,0,0.00520833333333333,0.00520833333333333,0.00520833333333333
"450",543,543,543,534,"c",0,195,0,1,0,0,0,196,"c","t","t",0.00510204081632653,0.00510204081632653,0,0,0,0,0,0,0.00510204081632653,0.00510204081632653
"451",544,544,544,535,"a",214,0,0,0,0,0,0,214,"a","g","g",0,0,0,0,0,0,0,0,0,0
"452",545,545,545,536,"a",236,0,0,1,0,0,0,237,"a","g","g",0,0,0.00421940928270042,0.00421940928270042,0,0.00421940928270042,0,0.00421940928270042,0.00421940928270042,0.00421940928270042
"453",546,546,546,537,"g",0,0,260,0,0,0,0,260,"g","a","a",0,0,0,0,0,0,0,0,0,0
"454",547,547,547,538,"a",323,0,2,0,0,0,0,325,"a","g","g",0.00615384615384615,0.00615384615384615,0,0,0,0,0,0,0.00615384615384615,0.00615384615384615
"455",548,548,548,539,"c",0,340,0,0,0,0,0,340,"c","t","t",0,0,0,0,0,0,0,0,0,0
"456",549,549,549,540,"a",392,0,4,0,0,0,0,396,"a","g","g",0.0101010101010101,0.0101010101010101,0,0,0,0,0,0,0.0101010101010101,0.0101010101010101
"457",550,550,550,541,"a",433,0,3,0,0,0,0,436,"a","g","g",0.00688073394495413,0.00688073394495413,0,0,0,0,0,0,0.00688073394495413,0.00688073394495413
"458",551,551,551,542,"a",526,0,0,0,0,0,0,526,"a","g","g",0,0,0,0,0,0,0,0,0,0
"459",552,552,552,543,"g",1,0,723,0,0,0,0,724,"g","a","a",0.00138121546961326,0.00138121546961326,0,0,0,0,0,0,0.00138121546961326,0.00138121546961326
"460",553,553,553,544,"g",1,0,861,0,0,0,0,862,"g","a","a",0.00116009280742459,0.00116009280742459,0,0,0,0,0,0,0.00116009280742459,0.00116009280742459
"461",554,554,554,545,"a",1084,0,4,0,0,0,0,1088,"a","g","g",0.00367647058823529,0.00367647058823529,0,0,0,0,0,0,0.00367647058823529,0.00367647058823529
"462",555,555,555,546,"g",1,0,1246,0,0,0,0,1247,"g","a","a",0.000801924619085806,0.000801924619085806,0,0,0,0,0,0,0.000801924619085806,0.000801924619085806
"463",556,556,556,547,"t",1,2,0,1484,0,0,0,1487,"t","c","c",0.00134498991257566,0.00134498991257566,0.000672494956287828,0.000672494956287828,0.000672494956287828,0,0.000672494956287828,0,0.00201748486886348,0.00201748486886348
"464",557,557,557,548,"a",2001,1,2,2,0,0,0,2006,"a","g","g",0.000997008973080758,0.000997008973080758,0.00149551345962114,0.00149551345962114,0.000498504486540379,0.000997008973080758,0.000498504486540379,0.000997008973080758,0.00249252243270189,0.00249252243270189
"465",558,558,558,549,"c",1,2241,0,0,0,0,0,2242,"c","t","t",0,0,0.000446030330062444,0.000446030330062444,0.000446030330062444,0,0.000446030330062444,0,0.000446030330062444,0.000446030330062444
"466",559,559,559,550,"a",2827,0,15,1,0,0,0,2843,"a","g","g",0.00527611677805135,0.00527611677805135,0.000351741118536757,0.000351741118536757,0,0.000351741118536757,0,0.000351741118536757,0.00562785789658811,0.00562785789658811
"467",560,560,560,551,"a",3481,0,10,1,0,0,0,3492,"a","g","g",0.00286368843069874,0.00286368843069874,0.000286368843069874,0.000286368843069874,0,0.000286368843069874,0,0.000286368843069874,0.00315005727376861,0.00315005727376861
"468",561,561,561,552,"t",0,2,0,4159,0,0,0,4161,"t","c","c",0.000480653689017063,0.000480653689017063,0,0,0,0,0,0,0.000480653689017063,0.000480653689017063
"469",562,562,562,553,"g",8,0,4774,0,0,0,0,4782,"g","a","a",0.00167294019238812,0.00167294019238812,0,0,0,0,0,0,0.00167294019238812,0.00167294019238812
"470",563,563,563,554,"a",5458,0,4,2,0,1,0,5464,"a","g","g",0.000732064421669107,0.000732064421669107,0.000366032210834553,0.000366032210834553,0,0.000366032210834553,0,0.000366032210834553,0.00109809663250366,0.00109809663250366
"471",564,564,564,555,"a",6087,1,8,1,0,0,0,6097,"a","g","g",0.00131212071510579,0.00131212071510579,0.000328030178776447,0.000328030178776447,0.000164015089388224,0.000164015089388224,0.000164015089388224,0.000164015089388224,0.00164015089388224,0.00164015089388224
"472",565,565,565,556,"a",6377,0,8,0,0,0,0,6385,"a","g","g",0.00125293657008614,0.00125293657008614,0,0,0,0,0,0,0.00125293657008614,0.00125293657008614
"473",566,566,566,557,"c",1,7084,0,2,0,0,0,7087,"c","t","t",0.00028220685762664,0.00028220685762664,0.00014110342881332,0.00014110342881332,0.00014110342881332,0,0.00014110342881332,0,0.00042331028643996,0.00042331028643996
"474",567,567,567,558,"t",0,7,5,8583,0,0,0,8595,"t","c","c",0.000814426992437464,0.000814426992437464,0.00058173356602676,0.00058173356602676,0,0.00058173356602676,0,0.00058173356602676,0.00139616055846422,0.00139616055846422
"475",568,568,568,559,"t",3,3,1,9919,0,0,0,9926,"t","c","c",0.000302236550473504,0.000302236550473504,0.000402982067298005,0.000402982067298005,0.000302236550473504,0.000100745516824501,0.000302236550473504,0.000100745516824501,0.000705218617771509,0.000705218617771509
"476",569,569,569,560,"g",10,0,10502,4,0,0,0,10516,"g","a","a",0.000950931913275009,0.000950931913275009,0.000380372765310004,0.000380372765310004,0,0.000380372765310004,0,0.000380372765310004,0.00133130467858501,0.00133130467858501
"477",570,570,570,561,"g",11,1,11535,5,0,0,0,11552,"g","a","a",0.000952216066481994,0.000952216066481994,0.000519390581717452,0.000519390581717452,8.65650969529086e-05,0.000432825484764543,8.65650969529086e-05,0.000432825484764543,0.00147160664819945,0.00147160664819945
"478",571,571,571,562,"t",5,8,0,12255,0,0,0,12268,"t","c","c",0.0006521030322791,0.0006521030322791,0.000407564395174438,0.000407564395174438,0.000407564395174438,0,0.000407564395174438,0,0.00105966742745354,0.00105966742745354
"479",572,572,572,563,"a",13573,0,18,3,0,0,0,13594,"a","g","g",0.00132411357952038,0.00132411357952038,0.000220685596586729,0.000220685596586729,0,0.000220685596586729,0,0.000220685596586729,0.00154479917610711,0.00154479917610711
"480",573,573,573,564,"c",13,14031,4,10,0,1,0,14058,"c","t","t",0.000711338739507754,0.000711338739507754,0.00120927585716318,0.00120927585716318,0.00092474036136008,0.000284535495803101,0.00092474036136008,0.000284535495803101,0.00192061459667093,0.00192061459667093
"481",574,574,574,565,"t",9,21,4,16636,0,1,0,16670,"t","c","c",0.00125974805038992,0.00125974805038992,0.000779844031193761,0.000779844031193761,0.000539892021595681,0.00023995200959808,0.000539892021595681,0.00023995200959808,0.00203959208158368,0.00203959208158368
"482",575,575,575,566,"c",8,18789,1,13,0,0,0,18811,"c","t","t",0.000691085003455425,0.000691085003455425,0.000478443463930679,0.000478443463930679,0.000425283079049492,5.31603848811865e-05,0.000425283079049492,5.31603848811865e-05,0.0011695284673861,0.0011695284673861
"483",576,576,576,567,"t",3,45,2,22376,0,0,0,22426,"t","c","c",0.00200659948274324,0.00200659948274324,0.000222955498082583,0.000222955498082583,0.00013377329884955,8.91821992330331e-05,0.00013377329884955,8.91821992330331e-05,0.00222955498082583,0.00222955498082583
"484",577,577,577,568,"a",24844,1,33,4,0,0,0,24882,"a","g","g",0.0013262599469496,0.0013262599469496,0.000200948476810546,0.000200948476810546,4.01896953621092e-05,0.000160758781448437,4.01896953621092e-05,0.000160758781448437,0.00152720842376015,0.00152720842376015
"485",578,578,578,569,"c",37,25310,1,16,0,0,0,25364,"c","t","t",0.00063081532881249,0.00063081532881249,0.00149818640592966,0.00149818640592966,0.00145876044787888,3.94259580507806e-05,0.00145876044787888,3.94259580507806e-05,0.00212900173474215,0.00212900173474215
"486",579,579,579,570,"a",28708,2,60,10,0,0,0,28780,"a","g","g",0.00208478109798471,0.00208478109798471,0.000416956219596942,0.000416956219596942,6.94927032661571e-05,0.000347463516330785,6.94927032661571e-05,0.000347463516330785,0.00250173731758165,0.00250173731758165
"487",580,580,580,571,"g",12,1,30652,1,0,0,0,30666,"g","a","a",0.000391312854627274,0.000391312854627274,6.52188091045458e-05,6.52188091045458e-05,3.26094045522729e-05,3.26094045522729e-05,3.26094045522729e-05,3.26094045522729e-05,0.00045653166373182,0.00045653166373182
"488",581,581,581,572,"a",32902,1,51,11,0,0,0,32965,"a","g","g",0.00154709540421659,0.00154709540421659,0.000364022448050963,0.000364022448050963,3.03352040042469e-05,0.000333687244046716,3.03352040042469e-05,0.000333687244046716,0.00191111785226756,0.00191111785226756
"489",582,582,582,573,"t",6,65,10,36931,0,7,0,37012,"t","c","c",0.00175618718253539,0.00175618718253539,0.000432292229547174,0.000432292229547174,0.00016210958608019,0.000270182643466984,0.00016210958608019,0.000270182643466984,0.00218847941208257,0.00218847941208257
"490",583,583,583,574,"t",8,38,53,41015,0,2,0,41114,"t","c","c",0.000924259376368147,0.000924259376368147,0.00148367952522255,0.00148367952522255,0.000194580921340663,0.00128909860388189,0.000194580921340663,0.00128909860388189,0.0024079389015907,0.0024079389015907
"491",584,584,584,575,"t",28,41,6,47818,0,0,0,47893,"t","c","c",0.000856075000521997,0.000856075000521997,0.000709915854091412,0.000709915854091412,0.000584636585722339,0.000125279268369073,0.000584636585722339,0.000125279268369073,0.00156599085461341,0.00156599085461341
"492",585,585,585,576,"g",78,2,49422,16,0,0,0,49518,"g","a","a",0.00157518478129165,0.00157518478129165,0.000363504180298073,0.000363504180298073,4.03893533664526e-05,0.000323114826931621,4.03893533664526e-05,0.000323114826931621,0.00193868896158972,0.00193868896158972
"493",586,586,586,577,"g",23,4,52288,6,0,0,0,52321,"g","a","a",0.000439594044456337,0.000439594044456337,0.000191127845415799,0.000191127845415799,7.64511381663195e-05,0.000114676707249479,7.64511381663195e-05,0.000114676707249479,0.000630721889872136,0.000630721889872136
"494",587,587,587,578,"t",13,66,10,52965,0,6,0,53054,"t","c","c",0.00124401553134542,0.00124401553134542,0.000433520563953708,0.000433520563953708,0.000245033362234704,0.000188487201719003,0.000245033362234704,0.000188487201719003,0.00167753609529913,0.00167753609529913
"495",588,588,588,579,"t",6,84,11,56005,0,2,0,56106,"t","c","c",0.00149716607849428,0.00149716607849428,0.000302997896838128,0.000302997896838128,0.000106940434178163,0.000196057462659965,0.000106940434178163,0.000196057462659965,0.00180016397533241,0.00180016397533241
"496",589,589,589,580,"t",6,78,2,59283,0,0,0,59369,"t","c","c",0.00131381697518907,0.00131381697518907,0.000134750458993751,0.000134750458993751,0.000101062844245313,3.36876147484377e-05,0.000101062844245313,3.36876147484377e-05,0.00144856743418282,0.00144856743418282
"497",590,590,590,581,"g",73,0,61230,8,0,0,0,61311,"g","a","a",0.0011906509435501,0.0011906509435501,0.000130482295183572,0.000130482295183572,0,0.000130482295183572,0,0.000130482295183572,0.00132113323873367,0.00132113323873367
"498",591,591,591,582,"t",20,101,15,62479,0,0,0,62615,"t","c","c",0.00161303202108121,0.00161303202108121,0.000558971492453885,0.000558971492453885,0.00031941228140222,0.000239559211051665,0.00031941228140222,0.000239559211051665,0.0021720035135351,0.0021720035135351
"499",592,592,592,583,"g",58,3,64791,10,0,0,0,64862,"g","a","a",0.000894206160772101,0.000894206160772101,0.000200425518793747,0.000200425518793747,4.62520427985569e-05,0.00015417347599519,4.62520427985569e-05,0.00015417347599519,0.00109463167956585,0.00109463167956585
"500",593,593,593,584,"a",67216,0,99,19,0,2,0,67334,"a","g","g",0.00147028247245077,0.00147028247245077,0.000282175424005703,0.000282175424005703,0,0.000282175424005703,0,0.000282175424005703,0.00175245789645647,0.00175245789645647
"501",594,594,594,585,"a",67882,3,127,17,0,0,0,68029,"a","g","g",0.00186685090182128,0.00186685090182128,0.000293992268003352,0.000293992268003352,4.40988402005027e-05,0.000249893427802849,4.40988402005027e-05,0.000249893427802849,0.00216084316982463,0.00216084316982463
"502",595,595,595,586,"c",52,68127,6,47,0,0,0,68232,"c","t","t",0.000688826357134482,0.000688826357134482,0.000850041036463829,0.000850041036463829,0.00076210575682964,8.79352796341892e-05,0.00076210575682964,8.79352796341892e-05,0.00153886739359831,0.00153886739359831
"503",596,596,596,587,"a",72867,7,140,19,0,5,0,73033,"a","g","g",0.00191694165651144,0.00191694165651144,0.000356003450494982,0.000356003450494982,9.5847082825572e-05,0.00026015636766941,9.5847082825572e-05,0.00026015636766941,0.00227294510700642,0.00227294510700642
"504",597,597,597,588,"a",73594,9,126,23,0,0,0,73752,"a","g","g",0.00170842824601367,0.00170842824601367,0.000433886538670138,0.000433886538670138,0.000122030589000976,0.000311855949669161,0.000122030589000976,0.000311855949669161,0.00214231478468381,0.00214231478468381
"505",598,598,598,589,"g",471,4,73759,17,0,4,0,74251,"g","a","a",0.00634334891112578,0.00634334891112578,0.000282824473744461,0.000282824473744461,5.38713283322784e-05,0.000228953145412183,5.38713283322784e-05,0.000228953145412183,0.00662617338487024,0.00662617338487024
"506",599,599,599,590,"g",79,5,75195,22,0,0,0,75301,"g","a","a",0.00104912285361416,0.00104912285361416,0.000358560975285853,0.000358560975285853,6.64001806084913e-05,0.000292160794677362,6.64001806084913e-05,0.000292160794677362,0.00140768382890001,0.00140768382890001
"507",600,600,600,591,"g",180,7,76573,30,0,0,2,76790,"g","a","a",0.00234405521552285,0.00234405521552285,0.000481833572079698,0.000481833572079698,9.11577028258888e-05,0.000390675869253809,9.11577028258888e-05,0.000390675869253809,0.00282588878760255,0.00282588878760255
"508",601,601,601,592,"a",78028,2,161,42,0,2,0,78233,"a","g","g",0.00205795508289341,0.00205795508289341,0.000562422507126149,0.000562422507126149,2.55646594148249e-05,0.000536857847711324,2.55646594148249e-05,0.000536857847711324,0.00262037759001956,0.00262037759001956
"509",602,602,602,593,"a",78580,6,184,21,0,1,0,78791,"a","g","g",0.00233529210188981,0.00233529210188981,0.000342678732342526,0.000342678732342526,7.61508294094503e-05,0.000266527902933076,7.61508294094503e-05,0.000266527902933076,0.00267797083423234,0.00267797083423234
"510",603,603,603,594,"t",37,108,5,79020,0,1,0,79170,"t","c","c",0.00136415308829102,0.00136415308829102,0.000530503978779841,0.000530503978779841,0.000467348743210812,6.31552355690287e-05,0.000467348743210812,6.31552355690287e-05,0.00189465706707086,0.00189465706707086
"511",604,604,604,595,"a",80425,6,100,30,0,0,0,80561,"a","g","g",0.00124129541589603,0.00124129541589603,0.00044686634972257,0.00044686634972257,7.44777249537617e-05,0.000372388624768809,7.44777249537617e-05,0.000372388624768809,0.0016881617656186,0.0016881617656186
"512",605,605,605,596,"g",43,12,81301,12,0,0,0,81368,"g","a","a",0.000528463277947105,0.000528463277947105,0.000294956248156523,0.000294956248156523,0.000147478124078262,0.000147478124078262,0.000147478124078262,0.000147478124078262,0.000823419526103628,0.000823419526103628
"513",606,606,606,597,"c",129,82784,4,74,0,0,0,82991,"c","t","t",0.000891662951404369,0.000891662951404369,0.0016025834126592,0.0016025834126592,0.00155438541528599,4.81979973732091e-05,0.00155438541528599,4.81979973732091e-05,0.00249424636406357,0.00249424636406357
"514",607,607,607,598,"a",88236,4,150,33,0,0,0,88423,"a","g","g",0.00169639121043168,0.00169639121043168,0.000418443165239813,0.000418443165239813,4.52370989448447e-05,0.000373206066294968,4.52370989448447e-05,0.000373206066294968,0.00211483437567149,0.00211483437567149
"515",608,608,608,599,"c",22,88927,5,91,0,0,0,89045,"c","t","t",0.00102195519119546,0.00102195519119546,0.000303217474310742,0.000303217474310742,0.000247066090179123,5.61513841316188e-05,0.000247066090179123,5.61513841316188e-05,0.0013251726655062,0.0013251726655062
"516",609,609,609,600,"t",36,103,13,93275,0,0,0,93427,"t","c","c",0.00110246502617016,0.00110246502617016,0.000524473653226583,0.000524473653226583,0.000385327581962388,0.000139146071264196,0.000385327581962388,0.000139146071264196,0.00162693867939675,0.00162693867939675
"517",610,610,610,601,"g",407,8,94874,22,0,1,0,95311,"g","a","a",0.00427023113806381,0.00427023113806381,0.000314759051945736,0.000314759051945736,8.39357471855295e-05,0.000230823304760206,8.39357471855295e-05,0.000230823304760206,0.00458499019000955,0.00458499019000955
"518",611,611,611,602,"a",96549,10,215,60,0,0,0,96834,"a","g","g",0.00222029452465043,0.00222029452465043,0.000722886589421071,0.000722886589421071,0.000103269512774439,0.000619617076646632,0.000103269512774439,0.000619617076646632,0.0029431811140715,0.0029431811140715
"519",612,612,612,603,"t",6,1458,8,96871,0,7,0,98343,"t","c","c",0.0148256612061865,0.0148256612061865,0.000142358886753506,0.000142358886753506,6.10109514657881e-05,8.13479352877175e-05,6.10109514657881e-05,8.13479352877175e-05,0.01496802009294,0.01496802009294
"520",613,613,613,604,"a",100661,6,179,21,0,6,0,100867,"a","g","g",0.0017746140957895,0.0017746140957895,0.000267679221152607,0.000267679221152607,5.9484271367246e-05,0.000208194949785361,5.9484271367246e-05,0.000208194949785361,0.00204229331694211,0.00204229331694211
"521",614,614,614,605,"a",101518,5,147,23,0,0,0,101693,"a","g","g",0.00144552722409605,0.00144552722409605,0.000275338518875439,0.000275338518875439,4.91675926563284e-05,0.00022617092621911,4.91675926563284e-05,0.00022617092621911,0.00172086574297149,0.00172086574297149
"522",615,615,615,606,"t",14,155,13,102018,0,0,0,102200,"t","c","c",0.00151663405088063,0.00151663405088063,0.000264187866927593,0.000264187866927593,0.000136986301369863,0.00012720156555773,0.000136986301369863,0.00012720156555773,0.00178082191780822,0.00178082191780822
"523",616,616,616,607,"g",299,3,103551,15,0,2,0,103868,"g","a","a",0.00287865367581931,0.00287865367581931,0.000173296876805176,0.000173296876805176,2.88828128008626e-05,0.000144414064004313,2.88828128008626e-05,0.000144414064004313,0.00305195055262449,0.00305195055262449
"524",617,617,617,608,"a",104793,9,213,25,0,9,0,105040,"a","g","g",0.00202779893373953,0.00202779893373953,0.000323686214775324,0.000323686214775324,8.56816450875857e-05,0.000238004569687738,8.56816450875857e-05,0.000238004569687738,0.00235148514851485,0.00235148514851485
"525",618,618,618,609,"a",105196,5,323,26,0,0,0,105550,"a","g","g",0.00306016106110848,0.00306016106110848,0.0002936996684036,0.0002936996684036,4.73709142586452e-05,0.000246328754144955,4.73709142586452e-05,0.000246328754144955,0.00335386072951208,0.00335386072951208
"526",619,619,619,610,"a",105713,5,199,21,0,0,0,105938,"a","g","g",0.00187845721082142,0.00187845721082142,0.000245426570258075,0.000245426570258075,4.71974173573222e-05,0.000198229152900753,4.71974173573222e-05,0.000198229152900753,0.0021238837810795,0.0021238837810795
"527",620,620,620,611,"g",44,2,106245,6,0,9,0,106297,"g","a","a",0.000413934541896761,0.000413934541896761,7.52608257994111e-05,7.52608257994111e-05,1.88152064498528e-05,5.64456193495583e-05,1.88152064498528e-05,5.64456193495583e-05,0.000489195367696172,0.000489195367696172
"528",621,621,621,612,"t",29,893,6,105944,0,12,0,106872,"t","c","c",0.0083557901040497,0.0083557901040497,0.000327494572947077,0.000327494572947077,0.000271352646156149,5.61419267909275e-05,0.000271352646156149,5.61419267909275e-05,0.00868328467699678,0.00868328467699678
"529",622,622,622,613,"a",107761,8,143,26,0,10,0,107938,"a","g","g",0.00132483462728603,0.00132483462728603,0.000314995645648428,0.000314995645648428,7.41166225055124e-05,0.000240879023142915,7.41166225055124e-05,0.000240879023142915,0.00163983027293446,0.00163983027293446
"530",623,623,623,614,"g",75,5,109129,20,0,10,0,109229,"g","a","a",0.000686630839795292,0.000686630839795292,0.000228876946598431,0.000228876946598431,4.57753893196862e-05,0.000183101557278745,4.57753893196862e-05,0.000183101557278745,0.000915507786393723,0.000915507786393723
"531",624,624,624,615,"a",110144,9,313,30,0,9,0,110496,"a","g","g",0.00283268172603533,0.00283268172603533,0.000352953953084275,0.000352953953084275,8.14509122502172e-05,0.000271503040834057,8.14509122502172e-05,0.000271503040834057,0.00318563567911961,0.00318563567911961
"532",625,625,625,616,"t",36,201,13,111736,0,10,0,111986,"t","c","c",0.0017948672155448,0.0017948672155448,0.000437554694336792,0.000437554694336792,0.000321468755022949,0.000116085939313843,0.000321468755022949,0.000116085939313843,0.00223242190988159,0.00223242190988159
"533",626,626,626,617,"g",70,1,113100,10,0,9,0,113181,"g","a","a",0.00061847836651028,0.00061847836651028,9.71894575944726e-05,9.71894575944726e-05,8.83540523586114e-06,8.83540523586114e-05,8.83540523586114e-06,8.83540523586114e-05,0.000715667824104753,0.000715667824104753
"534",627,627,627,618,"t",38,224,27,113357,0,22,0,113646,"t","c","c",0.00197103285641378,0.00197103285641378,0.000571951498512926,0.000571951498512926,0.00033437164528448,0.000237579853228446,0.00033437164528448,0.000237579853228446,0.0025429843549267,0.0025429843549267
"535",628,628,628,619,"t",23,151,13,114409,0,9,0,114596,"t","c","c",0.00131767251911061,0.00131767251911061,0.000314147090648888,0.000314147090648888,0.000200705085692345,0.000113442004956543,0.000200705085692345,0.000113442004956543,0.0016318196097595,0.0016318196097595
"536",629,629,629,620,"a",115093,4,153,27,0,16,0,115277,"a","g","g",0.00132723787052057,0.00132723787052057,0.00026891747703358,0.00026891747703358,3.46990292946555e-05,0.000234218447738925,3.46990292946555e-05,0.000234218447738925,0.00159615534755415,0.00159615534755415
"537",630,630,630,621,"c",32,115277,8,113,0,10,0,115430,"c","t","t",0.000978948280343065,0.000978948280343065,0.000346530364723209,0.000346530364723209,0.000277224291778567,6.93060729446418e-05,0.000277224291778567,6.93060729446418e-05,0.00132547864506627,0.00132547864506627
"538",631,631,631,622,"a",116155,14,258,10,0,11,0,116437,"a","g","g",0.0022157905133248,0.0022157905133248,0.000206120047751144,0.000206120047751144,0.000120236694521501,8.58833532296435e-05,0.000120236694521501,8.58833532296435e-05,0.00242191056107595,0.00242191056107595
"539",632,632,632,623,"t",35,246,10,116468,0,12,0,116759,"t","c","c",0.00210690396457661,0.00210690396457661,0.000385409261812794,0.000385409261812794,0.000299762759187729,8.56465026250653e-05,0.000299762759187729,8.56465026250653e-05,0.0024923132263894,0.0024923132263894
"540",633,633,633,624,"g",441,4,116968,20,0,11,0,117433,"g","a","a",0.00375533282808069,0.00375533282808069,0.000204371854589425,0.000204371854589425,3.40619757649042e-05,0.000170309878824521,3.40619757649042e-05,0.000170309878824521,0.00395970468267012,0.00395970468267012
"541",634,634,634,625,"a",117645,5,228,75,0,10,0,117953,"a","g","g",0.00193297330292574,0.00193297330292574,0.000678236246640611,0.000678236246640611,4.23897654150382e-05,0.000635846481225573,4.23897654150382e-05,0.000635846481225573,0.00261120954956635,0.00261120954956635
"542",635,635,635,626,"a",117971,7,306,25,0,9,0,118309,"a","g","g",0.00258644735396293,0.00258644735396293,0.00027047815466279,0.00027047815466279,5.91670963324853e-05,0.000211311058330305,5.91670963324853e-05,0.000211311058330305,0.00285692550862572,0.00285692550862572
"543",636,636,636,627,"t",38,251,12,118227,0,9,0,118528,"t","c","c",0.00211764308855292,0.00211764308855292,0.000421841252699784,0.000421841252699784,0.000320599352051836,0.000101241900647948,0.000320599352051836,0.000101241900647948,0.0025394843412527,0.0025394843412527
"544",637,637,637,628,"c",100,119414,6,86,0,10,0,119606,"c","t","t",0.000719027473538117,0.000719027473538117,0.000886243165058609,0.000886243165058609,0.000836078457602461,5.01647074561477e-05,0.000836078457602461,5.01647074561477e-05,0.00160527063859673,0.00160527063859673
"545",638,638,638,629,"a",122026,10,237,50,0,9,0,122323,"a","g","g",0.00193749335774956,0.00193749335774956,0.000490504647531535,0.000490504647531535,8.17507745885892e-05,0.000408753872942946,8.17507745885892e-05,0.000408753872942946,0.0024279980052811,0.0024279980052811
"546",639,639,639,630,"c",17,122641,3,108,0,9,0,122769,"c","t","t",0.000879700901693424,0.000879700901693424,0.000162907574387671,0.000162907574387671,0.00013847143822952,2.44361361581507e-05,0.00013847143822952,2.44361361581507e-05,0.0010426084760811,0.0010426084760811
"547",640,640,640,631,"t",47,248,15,124746,0,11,0,125056,"t","c","c",0.00198311156601842,0.00198311156601842,0.000495777891504606,0.000495777891504606,0.000375831627430911,0.000119946264073695,0.000375831627430911,0.000119946264073695,0.00247888945752303,0.00247888945752303
"548",641,641,641,632,"g",100,5,125858,17,0,2,0,125980,"g","a","a",0.000793776789966661,0.000793776789966661,0.000174630893792666,0.000174630893792666,3.96888394983331e-05,0.000134942054294332,3.96888394983331e-05,0.000134942054294332,0.000968407683759327,0.000968407683759327
"549",642,642,642,633,"t",47,474,7,125866,0,9,0,126394,"t","c","c",0.00375017801477918,0.00375017801477918,0.000427235470038135,0.000427235470038135,0.000371853094292451,5.53823757456841e-05,0.000371853094292451,5.53823757456841e-05,0.00417741348481732,0.00417741348481732
"550",643,643,643,634,"a",126834,8,211,41,0,29,0,127094,"a","g","g",0.00166018852188144,0.00166018852188144,0.000385541410294742,0.000385541410294742,6.29455363746518e-05,0.000322595873920091,6.29455363746518e-05,0.000322595873920091,0.00204572993217618,0.00204572993217618
"551",644,644,644,635,"a",127049,9,319,43,0,0,0,127420,"a","g","g",0.00250353162768796,0.00250353162768796,0.000408099199497724,0.000408099199497724,7.06325537592215e-05,0.000337466645738503,7.06325537592215e-05,0.000337466645738503,0.00291163082718569,0.00291163082718569
"552",645,645,645,636,"c",30,127456,5,97,0,0,0,127588,"c","t","t",0.00076025958554096,0.00076025958554096,0.000274320469009625,0.000274320469009625,0.000235131830579678,3.91886384299464e-05,0.000235131830579678,3.91886384299464e-05,0.00103458005455058,0.00103458005455058
"553",646,646,646,637,"a",128331,7,222,47,0,0,0,128607,"a","g","g",0.00172618908768574,0.00172618908768574,0.000419883832139775,0.000419883832139775,5.44293856477486e-05,0.000365454446492026,5.44293856477486e-05,0.000365454446492026,0.00214607291982551,0.00214607291982551
"554",647,647,647,638,"c",40,128619,1,62,0,0,0,128722,"c","t","t",0.000481658147014496,0.000481658147014496,0.000318515871412812,0.000318515871412812,0.000310747191622256,7.76867979055639e-06,0.000310747191622256,7.76867979055639e-06,0.000800174018427308,0.000800174018427308
"555",648,648,648,639,"t",32,421,11,129620,0,0,0,130084,"t","c","c",0.00323637034531533,0.00323637034531533,0.00033055564097045,0.00033055564097045,0.000245994895605916,8.45607453645337e-05,0.000245994895605916,8.45607453645337e-05,0.00356692598628578,0.00356692598628578
"556",649,649,649,640,"t",45,233,15,130292,0,2,0,130585,"t","c","c",0.0017842784393307,0.0017842784393307,0.000459470842746104,0.000459470842746104,0.000344603132059578,0.000114867710686526,0.000344603132059578,0.000114867710686526,0.00224374928207681,0.00224374928207681
"557",650,650,650,641,"c",21,130914,7,76,0,3,0,131018,"c","t","t",0.000580072967073227,0.000580072967073227,0.000213711093132241,0.000213711093132241,0.000160283319849181,5.34277732830603e-05,0.000160283319849181,5.34277732830603e-05,0.000793784060205468,0.000793784060205468
"558",651,651,651,642,"t",72,176,5,132586,0,0,0,132839,"t","c","c",0.00132491211165396,0.00132491211165396,0.000579649048848606,0.000579649048848606,0.000542009500222073,3.76395486265329e-05,0.000542009500222073,3.76395486265329e-05,0.00190456116050256,0.00190456116050256
"559",652,652,652,643,"a",133262,6,217,25,0,1,0,133510,"a","g","g",0.0016253464159988,0.0016253464159988,0.000232192345142686,0.000232192345142686,4.49404538985844e-05,0.000187251891244102,4.49404538985844e-05,0.000187251891244102,0.00185753876114149,0.00185753876114149
"560",653,653,653,644,"t",39,156,19,133674,0,16,0,133888,"t","c","c",0.00116515296367113,0.00116515296367113,0.000433197896749522,0.000433197896749522,0.000291288240917782,0.00014190965583174,0.000291288240917782,0.00014190965583174,0.00159835086042065,0.00159835086042065
"561",654,654,654,645,"t",20,124,12,134455,0,2,0,134611,"t","c","c",0.000921172861058903,0.000921172861058903,0.000237722028660362,0.000237722028660362,0.000148576267912726,8.91457607476358e-05,0.000148576267912726,8.91457607476358e-05,0.00115889488971927,0.00115889488971927
"562",655,655,655,646,"a",134891,9,233,16,0,28,0,135149,"a","g","g",0.00172402311522838,0.00172402311522838,0.000184981020947251,0.000184981020947251,6.65931675410103e-05,0.000118387853406241,6.65931675410103e-05,0.000118387853406241,0.00190900413617563,0.00190900413617563
"563",656,656,656,647,"t",43,330,14,135183,0,22,0,135570,"t","c","c",0.00243416685107325,0.00243416685107325,0.000420447001549015,0.000420447001549015,0.000317179316958029,0.000103267684590986,0.000317179316958029,0.000103267684590986,0.00285461385262226,0.00285461385262226
"564",657,657,657,648,"c",95,136603,7,113,0,33,0,136818,"c","t","t",0.000825914718823547,0.000825914718823547,0.000745515940884971,0.000745515940884971,0.000694353082196787,5.11628586881843e-05,0.000694353082196787,5.11628586881843e-05,0.00157143065970852,0.00157143065970852
"565",658,658,658,649,"c",39,138553,10,95,0,0,0,138697,"c","t","t",0.000684946321838252,0.000684946321838252,0.000353288102842888,0.000353288102842888,0.000281188490017809,7.20996128250791e-05,0.000281188490017809,7.20996128250791e-05,0.00103823442468114,0.00103823442468114
"566",659,659,659,650,"a",139939,10,336,51,0,11,0,140336,"a","g","g",0.00239425379090184,0.00239425379090184,0.000434671075133964,0.000434671075133964,7.12575533006499e-05,0.000363413521833314,7.12575533006499e-05,0.000363413521833314,0.0028289248660358,0.0028289248660358
"567",660,660,660,651,"a",140187,15,271,51,0,6,0,140524,"a","g","g",0.00192849619993738,0.00192849619993738,0.000469670661239361,0.000469670661239361,0.000106743332099855,0.000362927329139506,0.000106743332099855,0.000362927329139506,0.00239816686117674,0.00239816686117674
"568",661,661,661,652,"g",57,3,140659,16,0,0,0,140735,"g","a","a",0.000405016520410701,0.000405016520410701,0.000135005506803567,0.000135005506803567,2.13166589689843e-05,0.000113688847834583,2.13166589689843e-05,0.000113688847834583,0.000540022027214268,0.000540022027214268
"569",662,662,662,653,"a",140659,17,235,52,0,0,0,140963,"a","g","g",0.00166710413370885,0.00166710413370885,0.000489490149897491,0.000489490149897491,0.000120599022438512,0.000368891127458979,0.000120599022438512,0.000368891127458979,0.00215659428360634,0.00215659428360634
"570",663,663,663,654,"g",72,2,142025,9,0,0,0,142108,"g","a","a",0.000506656908829904,0.000506656908829904,7.74059166267909e-05,7.74059166267909e-05,1.40738030230529e-05,6.3332113603738e-05,1.40738030230529e-05,6.3332113603738e-05,0.000584062825456695,0.000584062825456695
"571",664,664,664,655,"t",44,216,5,142273,0,0,0,142538,"t","c","c",0.00151538537091863,0.00151538537091863,0.000343767977662097,0.000343767977662097,0.000308689612594536,3.50783650675609e-05,0.000308689612594536,3.50783650675609e-05,0.00185915334858073,0.00185915334858073
"572",665,665,665,656,"c",32,142868,3,81,0,1,0,142984,"c","t","t",0.000566496950707772,0.000566496950707772,0.000244782633021877,0.000244782633021877,0.000223801264477144,2.09813685447323e-05,0.000223801264477144,2.09813685447323e-05,0.000811279583729648,0.000811279583729648
"573",666,666,666,657,"t",68,330,6,144406,0,9,0,144810,"t","c","c",0.00227884814584628,0.00227884814584628,0.000511014432704924,0.000511014432704924,0.000469580830053173,4.14336026517506e-05,0.000469580830053173,4.14336026517506e-05,0.0027898625785512,0.0027898625785512
"574",667,667,667,658,"t",53,293,21,145043,0,15,0,145410,"t","c","c",0.00201499209132797,0.00201499209132797,0.000508905852417303,0.000508905852417303,0.000364486624028609,0.000144419228388694,0.000364486624028609,0.000144419228388694,0.00252389794374527,0.00252389794374527
"575",668,668,668,659,"g",255,1,145533,7,0,21,0,145796,"g","a","a",0.00174901917748086,0.00174901917748086,5.48711898817526e-05,5.48711898817526e-05,6.85889873521907e-06,4.80122911465335e-05,6.85889873521907e-06,4.80122911465335e-05,0.00180389036736262,0.00180389036736262
"576",669,669,669,660,"t",86,301,13,145635,0,1,0,146035,"t","c","c",0.00206114972438114,0.00206114972438114,0.000677919676789811,0.000677919676789811,0.000588899921251755,8.90197555380559e-05,0.000588899921251755,8.90197555380559e-05,0.00273906940117095,0.00273906940117095
"577",670,670,670,661,"g",109,5,146175,27,0,1,0,146316,"g","a","a",0.000744962956887832,0.000744962956887832,0.000218704721288171,0.000218704721288171,3.41726127012767e-05,0.000184532108586894,3.41726127012767e-05,0.000184532108586894,0.000963667678176003,0.000963667678176003
"578",671,671,671,662,"a",146180,20,359,125,0,1,0,146684,"a","g","g",0.00244743803005099,0.00244743803005099,0.000988519538599984,0.000988519538599984,0.000136347522565515,0.000852172016034469,0.000136347522565515,0.000852172016034469,0.00343595756865098,0.00343595756865098
"579",672,672,672,663,"c",42,146687,10,149,0,3,0,146888,"c","t","t",0.00101437830183541,0.00101437830183541,0.000354011219432493,0.000354011219432493,0.000285932138772398,6.80790806600948e-05,0.000285932138772398,6.80790806600948e-05,0.0013683895212679,0.0013683895212679
"580",673,673,673,664,"a",146797,13,389,60,0,3,0,147259,"a","g","g",0.00264160424829722,0.00264160424829722,0.000495725218832126,0.000495725218832126,8.82798334906525e-05,0.000407445385341473,8.82798334906525e-05,0.000407445385341473,0.00313732946712934,0.00313732946712934
"581",674,674,674,665,"a",147084,9,353,36,0,1,0,147482,"a","g","g",0.00239351242863536,0.00239351242863536,0.00030512198098751,0.00030512198098751,6.10243961975021e-05,0.000244097584790008,6.10243961975021e-05,0.000244097584790008,0.00269863440962287,0.00269863440962287
"582",675,675,675,666,"g",102,6,147532,16,0,0,0,147656,"g","a","a",0.000690794820393347,0.000690794820393347,0.00014899496126131,0.00014899496126131,4.06349894349027e-05,0.000108359971826407,4.06349894349027e-05,0.000108359971826407,0.000839789781654657,0.000839789781654657
"583",676,676,676,667,"c",28,147704,3,105,0,0,0,147840,"c","t","t",0.000710227272727273,0.000710227272727273,0.000209686147186147,0.000209686147186147,0.000189393939393939,2.02922077922078e-05,0.000189393939393939,2.02922077922078e-05,0.00091991341991342,0.00091991341991342
"584",677,677,677,668,"a",148196,11,242,32,0,1,0,148481,"a","g","g",0.00162983816111152,0.00162983816111152,0.000289599342676841,0.000289599342676841,7.40835527777965e-05,0.000215515789899044,7.40835527777965e-05,0.000215515789899044,0.00191943750378836,0.00191943750378836
"585",678,678,678,669,"t",41,171,21,148496,0,3,0,148729,"t","c","c",0.00114974214847138,0.00114974214847138,0.000416865574299565,0.000416865574299565,0.000275669170101325,0.00014119640419824,0.000275669170101325,0.00014119640419824,0.00156660772277095,0.00156660772277095
"586",679,679,679,670,"t",23,176,1,148866,0,1,0,149066,"t","c","c",0.00118068506567561,0.00118068506567561,0.000161002508955765,0.000161002508955765,0.000154294071082608,6.70843787315686e-06,0.000154294071082608,6.70843787315686e-06,0.00134168757463137,0.00134168757463137
"587",680,680,680,671,"a",149089,6,214,29,0,5,1,149338,"a","g","g",0.00143299093331905,0.00143299093331905,0.000234367676010125,0.000234367676010125,4.01773158874499e-05,0.000194190360122675,4.01773158874499e-05,0.000194190360122675,0.00166735860932917,0.00166735860932917
"588",681,681,681,672,"t",36,223,12,149431,0,7,0,149702,"t","c","c",0.00148962605710011,0.00148962605710011,0.000320636998837691,0.000320636998837691,0.000240477749128268,8.01592497094227e-05,0.000240477749128268,8.01592497094227e-05,0.0018102630559378,0.0018102630559378
"589",682,682,682,673,"t",54,181,13,149726,0,2,0,149974,"t","c","c",0.00120687585848214,0.00120687585848214,0.000446744102311067,0.000446744102311067,0.000360062410817875,8.66816914931922e-05,0.000360062410817875,8.66816914931922e-05,0.0016536199607932,0.0016536199607932
"590",683,683,683,674,"g",212,12,149750,38,0,68,0,150012,"g","a","a",0.00141322027571128,0.00141322027571128,0.000333306668799829,0.000333306668799829,7.9993600511959e-05,0.00025331306828787,7.9993600511959e-05,0.00025331306828787,0.00174652694451111,0.00174652694451111
"591",684,684,684,675,"g",293,12,149879,54,0,3,0,150238,"g","a","a",0.00195023895419268,0.00195023895419268,0.000439302972616781,0.000439302972616781,7.98732677485057e-05,0.000359429704868276,7.98732677485057e-05,0.000359429704868276,0.00238954192680946,0.00238954192680946
"592",685,685,685,676,"g",149,13,150289,39,0,0,4,150490,"g","a","a",0.00099009900990099,0.00099009900990099,0.000345537909495648,0.000345537909495648,8.63844773739119e-05,0.000259153432121736,8.63844773739119e-05,0.000259153432121736,0.00133563691939664,0.00133563691939664
"593",686,686,686,677,"a",150124,5,341,59,0,0,0,150529,"a","g","g",0.0022653442193863,0.0022653442193863,0.000425167243521182,0.000425167243521182,3.32161909000923e-05,0.00039195105262109,3.32161909000923e-05,0.00039195105262109,0.00269051146290748,0.00269051146290748
"594",687,687,687,678,"t",24,169,3,150689,0,22,0,150885,"t","c","c",0.00112005832256354,0.00112005832256354,0.000178944229048613,0.000178944229048613,0.000159061536932101,1.98826921165126e-05,0.000159061536932101,1.98826921165126e-05,0.00129900255161215,0.00129900255161215
"595",688,688,688,679,"a",150474,3,583,40,0,22,0,151100,"a","g","g",0.00385837193911317,0.00385837193911317,0.00028457974851092,0.00028457974851092,1.98544010589014e-05,0.000264725347452019,1.98544010589014e-05,0.000264725347452019,0.00414295168762409,0.00414295168762409
"596",689,689,689,680,"c",38,151048,12,88,0,22,0,151186,"c","t","t",0.000582064476869551,0.000582064476869551,0.000330718452766791,0.000330718452766791,0.000251346024102761,7.93724286640297e-05,0.000251346024102761,7.93724286640297e-05,0.000912782929636342,0.000912782929636342
"597",690,690,690,681,"t",42,374,7,151134,0,24,0,151557,"t","c","c",0.00246771841617345,0.00246771841617345,0.000323310701584222,0.000323310701584222,0.000277123458500762,4.61872430834603e-05,0.000277123458500762,4.61872430834603e-05,0.00279102911775768,0.00279102911775768
"598",691,691,691,682,"a",151505,10,217,36,0,51,0,151768,"a","g","g",0.00142981392651942,0.00142981392651942,0.000303094196405039,0.000303094196405039,6.58900426967477e-05,0.000237204153708292,6.58900426967477e-05,0.000237204153708292,0.00173290812292446,0.00173290812292446
"599",692,692,692,683,"t",52,189,20,151527,0,76,0,151788,"t","c","c",0.00124515771997786,0.00124515771997786,0.000474345798086805,0.000474345798086805,0.000342583076396026,0.000131762721690779,0.000342583076396026,0.000131762721690779,0.00171950351806467,0.00171950351806467
"600",693,693,693,684,"t",5,177,12,151829,0,49,0,152023,"t","c","c",0.00116429750761398,0.00116429750761398,0.000111825184347105,0.000111825184347105,3.28897601020898e-05,7.89354242450156e-05,3.28897601020898e-05,7.89354242450156e-05,0.00127612269196108,0.00127612269196108
"601",694,694,694,685,"a",151798,14,209,25,0,56,0,152046,"a","g","g",0.00137458400747142,0.00137458400747142,0.000256501321968352,0.000256501321968352,9.20773976296647e-05,0.000164423924338687,9.20773976296647e-05,0.000164423924338687,0.00163108532943977,0.00163108532943977
"602",695,695,695,686,"g",81,3,152190,19,0,51,0,152293,"g","a","a",0.000531869488420348,0.000531869488420348,0.000144458379570959,0.000144458379570959,1.96988699414944e-05,0.000124759509629464,1.96988699414944e-05,0.000124759509629464,0.000676327867991306,0.000676327867991306
"603",696,696,696,687,"a",151956,14,285,25,0,51,0,152280,"a","g","g",0.0018715524034673,0.0018715524034673,0.000256107171000788,0.000256107171000788,9.19359075387444e-05,0.000164171263462044,9.19359075387444e-05,0.000164171263462044,0.00212765957446809,0.00212765957446809
"604",697,697,697,688,"t",44,258,14,152285,0,160,0,152601,"t","c","c",0.00169068354728999,0.00169068354728999,0.000380076146289998,0.000380076146289998,0.000288333628219999,9.17425180699995e-05,0.000288333628219999,9.17425180699995e-05,0.00207075969357999,0.00207075969357999
"605",698,698,698,689,"t",28,239,24,152575,0,51,0,152866,"t","c","c",0.00156346080881295,0.00156346080881295,0.000340167205264742,0.000340167205264742,0.000183166956681015,0.000157000248583727,0.000183166956681015,0.000157000248583727,0.00190362801407769,0.00190362801407769
"606",699,699,699,690,"t",24,217,13,152995,0,49,0,153249,"t","c","c",0.00141599618920841,0.00141599618920841,0.000241437138252126,0.000241437138252126,0.000156607873460838,8.48292647912874e-05,0.000156607873460838,8.48292647912874e-05,0.00165743332746054,0.00165743332746054
"607",700,700,700,691,"a",153012,19,273,40,0,49,0,153344,"a","g","g",0.00178031093489149,0.00178031093489149,0.000384755843071786,0.000384755843071786,0.000123904424040067,0.00026085141903172,0.000123904424040067,0.00026085141903172,0.00216506677796327,0.00216506677796327
"608",701,701,701,692,"g",122,18,153523,41,0,49,0,153704,"g","a","a",0.000793733409670536,0.000793733409670536,0.000383854681725915,0.000383854681725915,0.000117108207984177,0.000266746473741737,0.000117108207984177,0.000266746473741737,0.00117758809139645,0.00117758809139645
"609",702,702,702,693,"g",66,5,153746,21,0,49,0,153838,"g","a","a",0.000429022738205125,0.000429022738205125,0.000169008957474746,0.000169008957474746,3.25017225912973e-05,0.000136507234883449,3.25017225912973e-05,0.000136507234883449,0.000598031695679871,0.000598031695679871
"610",703,703,703,694,"t",41,163,18,153637,0,50,0,153859,"t","c","c",0.00105941153913648,0.00105941153913648,0.000383467980423635,0.000383467980423635,0.000266477749107949,0.000116990231315685,0.000266477749107949,0.000116990231315685,0.00144287951956012,0.00144287951956012
"611",704,704,704,695,"a",153702,3,251,18,0,50,0,153974,"a","g","g",0.0016301453492148,0.0016301453492148,0.00013638666268331,0.00013638666268331,1.94838089547586e-05,0.000116902853728552,1.94838089547586e-05,0.000116902853728552,0.00176653201189811,0.00176653201189811
"612",705,705,705,696,"t",43,309,11,153770,0,55,0,154133,"t","c","c",0.00200476212102535,0.00200476212102535,0.000350346778431614,0.000350346778431614,0.000278979842084434,7.13669363471807e-05,0.000278979842084434,7.13669363471807e-05,0.00235510889945696,0.00235510889945696
"613",706,706,706,697,"t",69,229,13,153971,0,51,0,154282,"t","c","c",0.00148429499228685,0.00148429499228685,0.000531494276714069,0.000531494276714069,0.000447232988942326,8.42612877717427e-05,0.000447232988942326,8.42612877717427e-05,0.00201578926900092,0.00201578926900092
"614",707,707,707,698,"g",105,4,154189,9,0,57,0,154307,"g","a","a",0.000680461677046407,0.000680461677046407,8.42476362057457e-05,8.42476362057457e-05,2.59223496017679e-05,5.83252866039778e-05,2.59223496017679e-05,5.83252866039778e-05,0.000764709313252153,0.000764709313252153
"615",708,708,708,699,"t",77,394,15,153809,0,49,0,154295,"t","c","c",0.002553550017823,0.002553550017823,0.000596260410253087,0.000596260410253087,0.00049904403901617,9.72163712369163e-05,0.00049904403901617,9.72163712369163e-05,0.00314981042807609,0.00314981042807609
"616",709,709,709,700,"g",141,8,154084,13,0,49,0,154246,"g","a","a",0.000914124191227001,0.000914124191227001,0.000136146156140192,0.000136146156140192,5.18652023391206e-05,8.4280953801071e-05,5.18652023391206e-05,8.4280953801071e-05,0.00105027034736719,0.00105027034736719
"617",710,710,710,701,"c",34,153920,9,111,0,50,0,154074,"c","t","t",0.00072043303866973,0.00072043303866973,0.000279086672637823,0.000279086672637823,0.000220673183015953,5.841348962187e-05,0.000220673183015953,5.841348962187e-05,0.000999519711307554,0.000999519711307554
"618",711,711,711,702,"a",154027,18,303,62,0,49,0,154410,"a","g","g",0.00196230814066446,0.00196230814066446,0.000518101159251344,0.000518101159251344,0.000116572760831552,0.000401528398419791,0.000116572760831552,0.000401528398419791,0.00248040929991581,0.00248040929991581
"619",712,712,712,703,"c",38,154296,9,108,0,50,0,154451,"c","t","t",0.000699250895105891,0.000699250895105891,0.000304303630277564,0.000304303630277564,0.000246032722352073,5.82709079254909e-05,0.000246032722352073,5.82709079254909e-05,0.00100355452538345,0.00100355452538345
"620",713,713,713,704,"c",21,154410,38,106,0,52,0,154575,"c","t","t",0.000685751253436843,0.000685751253436843,0.000381691735403526,0.000381691735403526,0.000135856380397865,0.000245835355005661,0.000135856380397865,0.000245835355005661,0.00106744298884037,0.00106744298884037
"621",714,714,714,705,"t",76,451,7,154178,0,59,0,154712,"t","c","c",0.00291509385180206,0.00291509385180206,0.000536480686695279,0.000536480686695279,0.0004912353275764,4.52453591188789e-05,0.0004912353275764,4.52453591188789e-05,0.00345157453849734,0.00345157453849734
"622",715,715,715,706,"c",40,154182,9,110,0,91,0,154341,"c","t","t",0.000712707576081534,0.000712707576081534,0.00031747882934541,0.00031747882934541,0.000259166391302376,5.83124380430346e-05,0.000259166391302376,5.83124380430346e-05,0.00103018640542694,0.00103018640542694
"623",716,716,716,707,"c",24,153898,10,145,0,54,0,154077,"c","t","t",0.000941087897609637,0.000941087897609637,0.000220668886336053,0.000220668886336053,0.000155766272707802,6.49026136282508e-05,0.000155766272707802,6.49026136282508e-05,0.00116175678394569,0.00116175678394569
"624",717,717,717,708,"a",154016,17,268,47,0,33,0,154348,"a","g","g",0.001736336071734,0.001736336071734,0.000414647420115583,0.000414647420115583,0.000110140720968202,0.000304506699147381,0.000110140720968202,0.000304506699147381,0.00215098349184959,0.00215098349184959
"625",718,718,718,709,"g",82,7,154314,26,0,30,0,154429,"g","a","a",0.000530988350633624,0.000530988350633624,0.000213690433791581,0.000213690433791581,4.53282738345777e-05,0.000168362159957003,4.53282738345777e-05,0.000168362159957003,0.000744678784425205,0.000744678784425205
"626",719,719,719,710,"g",83,2,154491,12,0,24,0,154588,"g","a","a",0.000536911015085259,0.000536911015085259,9.05633037493208e-05,9.05633037493208e-05,1.29376148213315e-05,7.76256889279892e-05,1.29376148213315e-05,7.76256889279892e-05,0.00062747431883458,0.00062747431883458
"627",720,720,720,711,"t",37,234,17,154420,0,66,0,154708,"t","c","c",0.00151252682472787,0.00151252682472787,0.000349044651860279,0.000349044651860279,0.000239160224422784,0.000109884427437495,0.000239160224422784,0.000109884427437495,0.00186157147658815,0.00186157147658815
"628",721,721,721,712,"t",25,158,16,154683,0,1,0,154882,"t","c","c",0.00102013145491406,0.00102013145491406,0.000264717656022004,0.000264717656022004,0.000161413204891466,0.000103304451130538,0.000161413204891466,0.000103304451130538,0.00128484911093607,0.00128484911093607
"629",722,722,722,713,"a",154571,4,244,21,0,4,0,154840,"a","g","g",0.00157582020149832,0.00157582020149832,0.000161456987858435,0.000161456987858435,2.58331180573495e-05,0.000135623869801085,2.58331180573495e-05,0.000135623869801085,0.00173727718935676,0.00173727718935676
"630",723,723,723,714,"t",53,254,22,154575,0,0,0,154904,"t","c","c",0.00163972524918659,0.00163972524918659,0.000484170841295254,0.000484170841295254,0.000342147394515313,0.000142023446779941,0.000342147394515313,0.000142023446779941,0.00212389609048185,0.00212389609048185
"631",724,724,724,715,"g",107,4,154633,18,0,0,0,154762,"g","a","a",0.000691384189917422,0.000691384189917422,0.00014215375867461,0.00014215375867461,2.58461379408382e-05,0.000116307620733772,2.58461379408382e-05,0.000116307620733772,0.000833537948592032,0.000833537948592032
"632",725,725,725,716,"c",17,154458,2,102,0,1,0,154579,"c","t","t",0.000659856772265314,0.000659856772265314,0.000122914496794519,0.000122914496794519,0.000109976128710886,1.29383680836336e-05,0.000109976128710886,1.29383680836336e-05,0.000782771269059833,0.000782771269059833
"633",726,726,726,717,"t",51,487,31,153752,0,61,0,154321,"t","c","c",0.00315575974753922,0.00315575974753922,0.000531359957491203,0.000531359957491203,0.000330479973561602,0.000200879983929601,0.000330479973561602,0.000200879983929601,0.00368711970503042,0.00368711970503042
"634",727,727,727,718,"t",50,362,31,154240,0,33,0,154683,"t","c","c",0.00234027010078677,0.00234027010078677,0.000523651597137371,0.000523651597137371,0.000323241726628007,0.000200409870509364,0.000323241726628007,0.000200409870509364,0.00286392169792414,0.00286392169792414
"635",728,728,728,719,"t",40,262,20,154356,0,29,0,154678,"t","c","c",0.00169384139955262,0.00169384139955262,0.000387902610584569,0.000387902610584569,0.000258601740389713,0.000129300870194856,0.000258601740389713,0.000129300870194856,0.00208174401013719,0.00208174401013719
"636",729,729,729,720,"g",949,14,153655,21,0,30,0,154639,"g","a","a",0.0061368736217901,0.0061368736217901,0.000226333589844735,0.000226333589844735,9.05334359378941e-05,0.000135800153906841,9.05334359378941e-05,0.000135800153906841,0.00636320721163484,0.00636320721163484
"637",730,730,730,721,"c",19,154435,4,97,0,30,0,154555,"c","t","t",0.000627608294781793,0.000627608294781793,0.000148814337937951,0.000148814337937951,0.000122933583513959,2.58807544239915e-05,0.000122933583513959,2.58807544239915e-05,0.000776422632719744,0.000776422632719744
"638",731,731,731,722,"t",45,270,33,154351,0,79,0,154699,"t","c","c",0.00174532479201546,0.00174532479201546,0.000504204939915578,0.000504204939915578,0.00029088746533591,0.000213317474579668,0.00029088746533591,0.000213317474579668,0.00224952973193104,0.00224952973193104
"639",732,732,732,723,"t",12,215,11,154889,0,29,0,155127,"t","c","c",0.00138596118019429,0.00138596118019429,0.000148265614625436,0.000148265614625436,7.73559728480535e-05,7.09096417773824e-05,7.73559728480535e-05,7.09096417773824e-05,0.00153422679481973,0.00153422679481973
"640",733,733,733,724,"a",154941,17,206,38,0,41,0,155202,"a","g","g",0.00132730248321542,0.00132730248321542,0.000354376876586642,0.000354376876586642,0.000109534670944962,0.00024484220564168,0.000109534670944962,0.00024484220564168,0.00168167935980206,0.00168167935980206
"641",734,734,734,725,"g",89,5,155085,25,0,31,0,155204,"g","a","a",0.000573438828896162,0.000573438828896162,0.000193293987268369,0.000193293987268369,3.22156645447282e-05,0.000161078322723641,3.22156645447282e-05,0.000161078322723641,0.000766732816164532,0.000766732816164532
"642",735,735,735,726,"a",154747,9,342,28,0,29,0,155126,"a","g","g",0.00220465943813416,0.00220465943813416,0.000238515787166561,0.000238515787166561,5.80173536351095e-05,0.000180498433531452,5.80173536351095e-05,0.000180498433531452,0.00244317522530072,0.00244317522530072
"643",736,736,736,727,"t",36,290,9,154977,0,1,0,155312,"t","c","c",0.00186720923045225,0.00186720923045225,0.000289739363346039,0.000289739363346039,0.000231791490676831,5.79478726692078e-05,0.000231791490676831,5.79478726692078e-05,0.00215694859379829,0.00215694859379829
"644",737,737,737,728,"g",103,5,155244,13,0,1,0,155365,"g","a","a",0.000662954976989669,0.000662954976989669,0.00011585620957101,0.00011585620957101,3.21822804363917e-05,8.36739291346185e-05,3.21822804363917e-05,8.36739291346185e-05,0.00077881118656068,0.00077881118656068
"645",738,738,738,729,"t",23,266,22,154998,0,18,0,155309,"t","c","c",0.00171271465272457,0.00171271465272457,0.000289744960047389,0.000289744960047389,0.000148091868468666,0.000141653091578724,0.000148091868468666,0.000141653091578724,0.00200245961277196,0.00200245961277196
"646",739,739,739,730,"a",155074,3,227,32,0,29,0,155336,"a","g","g",0.00146134830303342,0.00146134830303342,0.000225318020291497,0.000225318020291497,1.93129731678426e-05,0.000206005047123655,1.93129731678426e-05,0.000206005047123655,0.00168666632332492,0.00168666632332492
"647",740,740,740,731,"a",154978,12,334,31,0,0,0,155355,"a","g","g",0.00214991471146728,0.00214991471146728,0.000276785426925429,0.000276785426925429,7.72424447233755e-05,0.000199542982202053,7.72424447233755e-05,0.000199542982202053,0.00242670013839271,0.00242670013839271
"648",741,741,741,732,"t",48,504,26,154801,0,0,0,155379,"t","c","c",0.0032436815785917,0.0032436815785917,0.000476254834951956,0.000476254834951956,0.000308922055103972,0.000167332779847985,0.000308922055103972,0.000167332779847985,0.00371993641354366,0.00371993641354366
"649",742,742,742,733,"g",107,8,155230,32,0,1,0,155377,"g","a","a",0.000688647611937417,0.000688647611937417,0.000257438359602773,0.000257438359602773,5.14876719205545e-05,0.000205950687682218,5.14876719205545e-05,0.000205950687682218,0.000946085971540189,0.000946085971540189
"650",743,743,743,734,"a",154990,19,307,39,0,25,0,155355,"a","g","g",0.00197611921083969,0.00197611921083969,0.000373338482829648,0.000373338482829648,0.000122300537478678,0.00025103794535097,0.000122300537478678,0.00025103794535097,0.00234945769366934,0.00234945769366934
"651",744,744,744,735,"c",31,154920,5,180,0,25,0,155136,"c","t","t",0.00116027227722772,0.00116027227722772,0.000232054455445545,0.000232054455445545,0.000199824669966997,3.22297854785479e-05,0.000199824669966997,3.22297854785479e-05,0.00139232673267327,0.00139232673267327
"652",745,745,745,736,"a",154728,18,433,64,0,23,0,155243,"a","g","g",0.00278917567941872,0.00278917567941872,0.000528204170236339,0.000528204170236339,0.000115947256881148,0.000412256913355192,0.000115947256881148,0.000412256913355192,0.00331737984965506,0.00331737984965506
"653",746,746,746,737,"c",26,155057,2,85,0,23,4,155170,"c","t","t",0.000547786298897983,0.000547786298897983,0.000180447251401688,0.000180447251401688,0.000167558162015854,1.28890893858349e-05,0.000167558162015854,1.28890893858349e-05,0.000728233550299671,0.000728233550299671
"654",747,747,747,738,"a",154474,20,439,48,0,38,0,154981,"a","g","g",0.00283260528709971,0.00283260528709971,0.000438763461327518,0.000438763461327518,0.000129048076861035,0.000309715384466483,0.000129048076861035,0.000309715384466483,0.00327136874842723,0.00327136874842723
"655",748,748,748,739,"a",154242,46,448,65,0,29,0,154801,"a","g","g",0.00289403815220832,0.00289403815220832,0.000717049631462329,0.000717049631462329,0.000297155703128533,0.000419893928333796,0.000297155703128533,0.000419893928333796,0.00361108778367065,0.00361108778367065
"656",749,749,749,740,"a",154732,17,272,42,0,24,0,155063,"a","g","g",0.00175412574244017,0.00175412574244017,0.000380490510308713,0.000380490510308713,0.000109632858902511,0.000270857651406203,0.000109632858902511,0.000270857651406203,0.00213461625274888,0.00213461625274888
"657",750,750,750,741,"t",41,287,12,154897,0,33,0,155237,"t","c","c",0.00184878604971753,0.00184878604971753,0.000341413451689997,0.000341413451689997,0.00026411229281679,7.73011588732068e-05,0.00026411229281679,7.73011588732068e-05,0.00219019950140753,0.00219019950140753
"658",751,751,751,742,"t",18,140,29,154603,0,54,0,154790,"t","c","c",0.000904451191937464,0.000904451191937464,0.00030363718586472,0.00030363718586472,0.000116286581820531,0.000187350604044189,0.000116286581820531,0.000187350604044189,0.00120808837780218,0.00120808837780218
"659",752,752,752,743,"a",154710,14,159,23,0,54,0,154906,"a","g","g",0.0010264289310937,0.0010264289310937,0.000238854531135011,0.000238854531135011,9.03773901591933e-05,0.000148477140975818,9.03773901591933e-05,0.000148477140975818,0.00126528346222871,0.00126528346222871
"660",753,753,753,744,"t",43,436,6,154465,0,53,0,154950,"t","c","c",0.00281381090674411,0.00281381090674411,0.000316231042271701,0.000316231042271701,0.000277508873830268,3.87221684414327e-05,0.000277508873830268,3.87221684414327e-05,0.00313004194901581,0.00313004194901581
"661",754,754,754,745,"t",57,261,7,154555,0,53,0,154880,"t","c","c",0.00168517561983471,0.00168517561983471,0.000413223140495868,0.000413223140495868,0.000368026859504132,4.51962809917355e-05,0.000368026859504132,4.51962809917355e-05,0.00209839876033058,0.00209839876033058
"662",755,755,755,746,"c",26,154708,7,130,0,61,0,154871,"c","t","t",0.000839408281731247,0.000839408281731247,0.000213080563824086,0.000213080563824086,0.000167881656346249,4.51989074778364e-05,0.000167881656346249,4.51989074778364e-05,0.00105248884555533,0.00105248884555533
"663",756,756,756,747,"a",154410,48,395,34,0,54,0,154887,"a","g","g",0.00255024630859917,0.00255024630859917,0.000529418221025651,0.000529418221025651,0.000309903348893064,0.000219514872132587,0.000309903348893064,0.000219514872132587,0.00307966452962482,0.00307966452962482
"664",757,757,757,748,"g",78,4,155039,17,0,58,0,155138,"g","a","a",0.0005027781716923,0.0005027781716923,0.000135363353917158,0.000135363353917158,2.57834959842205e-05,0.000109579857932937,2.57834959842205e-05,0.000109579857932937,0.000638141525609457,0.000638141525609457
"665",758,758,758,749,"g",77,15,155018,12,0,53,0,155122,"g","a","a",0.000496383491703304,0.000496383491703304,0.000174056549038821,0.000174056549038821,9.6698082799345e-05,7.7358466239476e-05,9.6698082799345e-05,7.7358466239476e-05,0.000670440040742126,0.000670440040742126
"666",759,759,759,750,"c",2095,152706,9,92,0,56,0,154902,"c","t","t",0.00059392390027243,0.00059392390027243,0.0135827813714478,0.0135827813714478,0.0135246801203341,5.81012511136073e-05,0.0135246801203341,5.81012511136073e-05,0.0141767052717202,0.0141767052717202
"667",760,760,760,751,"t",22,251,7,154597,0,126,0,154877,"t","c","c",0.00162064089567851,0.00162064089567851,0.000187245362448911,0.000187245362448911,0.000142048205995726,4.51971564531854e-05,0.000142048205995726,4.51971564531854e-05,0.00180788625812742,0.00180788625812742
"668",761,761,761,752,"t",47,247,25,154611,0,56,0,154930,"t","c","c",0.00159426837926806,0.00159426837926806,0.000464726005292713,0.000464726005292713,0.000303362809010521,0.000161363196282192,0.000303362809010521,0.000161363196282192,0.00205899438456077,0.00205899438456077
"669",762,762,762,753,"t",23,200,12,154686,0,53,0,154921,"t","c","c",0.0012909805642876,0.0012909805642876,0.000225921598750331,0.000225921598750331,0.000148462764893075,7.74588338572563e-05,0.000148462764893075,7.74588338572563e-05,0.00151690216303794,0.00151690216303794
"670",763,763,763,754,"a",154661,9,182,33,0,54,0,154885,"a","g","g",0.00117506537108177,0.00117506537108177,0.000271168931788101,0.000271168931788101,5.81076282403073e-05,0.000213061303547794,5.81076282403073e-05,0.000213061303547794,0.00144623430286987,0.00144623430286987
"671",764,764,764,755,"t",50,308,14,154421,0,53,0,154793,"t","c","c",0.00198975405864606,0.00198975405864606,0.000413455388809571,0.000413455388809571,0.000323012022507478,9.04433663020938e-05,0.000323012022507478,9.04433663020938e-05,0.00240320944745563,0.00240320944745563
"672",765,765,765,756,"g",110,7,154452,21,0,53,0,154590,"g","a","a",0.000711559609289087,0.000711559609289087,0.000181124264182677,0.000181124264182677,4.52810660456692e-05,0.000135843198137008,4.52810660456692e-05,0.000135843198137008,0.000892683873471764,0.000892683873471764
"673",766,766,766,757,"c",137,152904,17,100,0,56,0,153158,"c","t","t",0.000652920513456692,0.000652920513456692,0.00100549759072331,0.00100549759072331,0.000894501103435668,0.000110996487287638,0.000894501103435668,0.000110996487287638,0.00165841810418,0.00165841810418
"674",767,767,767,758,"c",28,153196,1,114,0,53,0,153339,"c","t","t",0.000743450785514448,0.000743450785514448,0.000189123445437886,0.000189123445437886,0.000182601947319338,6.52149811854779e-06,0.000182601947319338,6.52149811854779e-06,0.000932574230952334,0.000932574230952334
"675",768,768,768,759,"t",46,352,5,153073,0,56,2,153476,"t","c","c",0.00229351820480075,0.00229351820480075,0.000332299512627382,0.000332299512627382,0.000299721129036462,3.25783835909198e-05,0.000299721129036462,3.25783835909198e-05,0.00262581771742813,0.00262581771742813
"676",769,769,769,760,"a",153039,17,229,41,0,176,0,153326,"a","g","g",0.00149354969150699,0.00149354969150699,0.000378278961167708,0.000378278961167708,0.000110874867928466,0.000267404093239242,0.000110874867928466,0.000267404093239242,0.00187182865267469,0.00187182865267469
"677",770,770,770,761,"a",152906,23,283,62,0,56,0,153274,"a","g","g",0.00184636663752496,0.00184636663752496,0.00055456241763117,0.00055456241763117,0.000150058065947258,0.000404504351683912,0.000150058065947258,0.000404504351683912,0.00240092905515613,0.00240092905515613
"678",771,771,771,762,"a",153095,13,215,19,0,53,0,153342,"a","g","g",0.00140209466421463,0.00140209466421463,0.000208683856999387,0.000208683856999387,8.4777816906001e-05,0.000123906040093386,8.4777816906001e-05,0.000123906040093386,0.00161077852121402,0.00161077852121402
"679",772,772,772,763,"t",25,285,7,153113,0,53,0,153430,"t","c","c",0.00185752460405397,0.00185752460405397,0.000208564166069217,0.000208564166069217,0.000162940754741576,4.56234113276413e-05,0.000162940754741576,4.56234113276413e-05,0.00206608877012318,0.00206608877012318
"680",773,773,773,764,"g",90,2,153265,8,0,53,0,153365,"g","a","a",0.000586835327486715,0.000586835327486715,6.52039252763016e-05,6.52039252763016e-05,1.30407850552603e-05,5.21631402210413e-05,1.30407850552603e-05,5.21631402210413e-05,0.000652039252763016,0.000652039252763016
"681",774,774,774,765,"t",36,448,4,152758,0,53,0,153246,"t","c","c",0.00292340419978335,0.00292340419978335,0.000261018232123514,0.000261018232123514,0.000234916408911162,2.61018232123514e-05,0.000234916408911162,2.61018232123514e-05,0.00318442243190687,0.00318442243190687
"682",775,775,775,766,"t",49,336,22,152595,0,61,0,153002,"t","c","c",0.0021960497248402,0.0021960497248402,0.000464046221618018,0.000464046221618018,0.000320257251539196,0.000143788970078823,0.000320257251539196,0.000143788970078823,0.00266009594645822,0.00266009594645822
"683",776,776,776,767,"c",14,152732,7,97,0,37,0,152850,"c","t","t",0.000634609093882892,0.000634609093882892,0.00013738959764475,0.00013738959764475,9.15930650964998e-05,4.57965325482499e-05,9.15930650964998e-05,4.57965325482499e-05,0.000771998691527641,0.000771998691527641
"684",777,777,777,768,"t",27,244,6,152561,0,8,0,152838,"t","c","c",0.00159646161294966,0.00159646161294966,0.000215914890275978,0.000215914890275978,0.000176657637498528,3.92572527774506e-05,0.000176657637498528,3.92572527774506e-05,0.00181237650322564,0.00181237650322564
"685",778,778,778,769,"a",152583,9,172,16,0,47,0,152780,"a","g","g",0.00112580180651918,0.00112580180651918,0.000163633983505694,0.000163633983505694,5.890823406205e-05,0.000104725749443644,5.890823406205e-05,0.000104725749443644,0.00128943579002487,0.00128943579002487
"686",779,779,779,770,"a",152285,19,316,50,0,0,0,152670,"a","g","g",0.00206982380297373,0.00206982380297373,0.000451955197484771,0.000451955197484771,0.000124451431191459,0.000327503766293312,0.000124451431191459,0.000327503766293312,0.00252177900045851,0.00252177900045851
"687",780,780,780,771,"g",114,8,152522,31,0,9,0,152675,"g","a","a",0.000746684132962175,0.000746684132962175,0.000255444571802849,0.000255444571802849,5.23988865236614e-05,0.000203045685279188,5.23988865236614e-05,0.000203045685279188,0.00100212870476502,0.00100212870476502
"688",781,781,781,772,"g",77,7,152421,22,0,8,0,152527,"g","a","a",0.000504828653287615,0.000504828653287615,0.000190130272017413,0.000190130272017413,4.58935139352377e-05,0.000144236758082176,4.58935139352377e-05,0.000144236758082176,0.000694958925305028,0.000694958925305028
"689",782,782,782,773,"t",41,200,18,152134,0,10,0,152393,"t","c","c",0.00131239623867238,0.00131239623867238,0.000387156890408352,0.000387156890408352,0.000269041228927838,0.000118115661480514,0.000269041228927838,0.000118115661480514,0.00169955312908073,0.00169955312908073
"690",783,783,783,774,"g",179,12,152121,36,0,32,0,152348,"g","a","a",0.00117494158111692,0.00117494158111692,0.000315068133483866,0.000315068133483866,7.87670333709665e-05,0.000236301100112899,7.87670333709665e-05,0.000236301100112899,0.00149000971460078,0.00149000971460078
"691",784,784,784,775,"g",92,9,152247,27,0,9,0,152375,"g","a","a",0.00060377358490566,0.00060377358490566,0.000236259228876128,0.000236259228876128,5.9064807219032e-05,0.000177194421657096,5.9064807219032e-05,0.000177194421657096,0.000840032813781788,0.000840032813781788
"692",785,785,785,776,"t",78,290,28,151941,0,13,0,152337,"t","c","c",0.00190367409099562,0.00190367409099562,0.000695825702225986,0.000695825702225986,0.00051202268654365,0.000183803015682336,0.00051202268654365,0.000183803015682336,0.00259949979322161,0.00259949979322161
"693",786,786,786,777,"g",118,12,151970,26,0,99,0,152126,"g","a","a",0.0007756727975494,0.0007756727975494,0.000249792934804044,0.000249792934804044,7.88819794118034e-05,0.000170910955392241,7.88819794118034e-05,0.000170910955392241,0.00102546573235344,0.00102546573235344
"694",787,787,787,778,"g",124,14,151905,21,0,0,0,152064,"g","a","a",0.000815446127946128,0.000815446127946128,0.000230166245791246,0.000230166245791246,9.20664983164983e-05,0.000138099747474747,9.20664983164983e-05,0.000138099747474747,0.00104561237373737,0.00104561237373737
"695",788,788,788,779,"t",53,295,15,151574,0,0,0,151937,"t","c","c",0.00194159421339108,0.00194159421339108,0.000447553920374892,0.000447553920374892,0.000348828790880431,9.87251294944615e-05,0.000348828790880431,9.87251294944615e-05,0.00238914813376597,0.00238914813376597
"696",789,789,789,780,"c",18,151573,1,85,0,0,0,151677,"c","t","t",0.000560401379246689,0.000560401379246689,0.000125266190655142,0.000125266190655142,0.00011867323325224,6.59295740290222e-06,0.00011867323325224,6.59295740290222e-06,0.000685667569901831,0.000685667569901831
"697",790,790,790,781,"t",38,304,6,151269,0,1,0,151617,"t","c","c",0.00200505220390853,0.00200505220390853,0.000290204924249919,0.000290204924249919,0.000250631525488567,3.95733987613526e-05,0.000250631525488567,3.95733987613526e-05,0.00229525712815845,0.00229525712815845
"698",791,791,791,782,"c",38,151013,4,79,0,1,0,151134,"c","t","t",0.000522714941707359,0.000522714941707359,0.000277899082933026,0.000277899082933026,0.000251432503606071,2.64665793269549e-05,0.000251432503606071,2.64665793269549e-05,0.000800614024640385,0.000800614024640385
"699",792,792,792,783,"t",24,399,10,151030,0,5,0,151463,"t","c","c",0.00263430672837591,0.00263430672837591,0.000224477265074639,0.000224477265074639,0.000158454540052686,6.60227250219526e-05,0.000158454540052686,6.60227250219526e-05,0.00285878399345055,0.00285878399345055
"700",793,793,793,784,"t",70,277,12,151168,0,3,0,151527,"t","c","c",0.00182805704593901,0.00182805704593901,0.000541157681469309,0.000541157681469309,0.00046196387442502,7.91938070442891e-05,0.00046196387442502,7.91938070442891e-05,0.00236921472740832,0.00236921472740832
"701",794,794,794,785,"c",29,152212,6,105,0,2,0,152352,"c","t","t",0.000689193446754883,0.000689193446754883,0.000229731148918294,0.000229731148918294,0.000190348666246587,3.93824826717076e-05,0.000190348666246587,3.93824826717076e-05,0.000918924595673178,0.000918924595673178
"702",795,795,795,786,"a",152227,16,388,40,0,0,0,152671,"a","g","g",0.00254141257999227,0.00254141257999227,0.000366801815668988,0.000366801815668988,0.000104800518762568,0.00026200129690642,0.000104800518762568,0.00026200129690642,0.00290821439566126,0.00290821439566126
"703",796,796,796,787,"t",22,306,8,152217,0,1,0,152553,"t","c","c",0.002005860258402,0.002005860258402,0.00019665296651,0.00019665296651,0.000144212175440667,5.24407910693333e-05,0.000144212175440667,5.24407910693333e-05,0.002202513224912,0.002202513224912
"704",797,797,797,788,"g",93,67,152160,32,0,0,0,152352,"g","a","a",0.000610428481411468,0.000610428481411468,0.000649810964083176,0.000649810964083176,0.000439771056500735,0.000210039907582441,0.000439771056500735,0.000210039907582441,0.00126023944549464,0.00126023944549464
"705",798,798,798,789,"c",160,148285,102,736,0,1,1,149283,"c","t","t",0.00493023318127315,0.00493023318127315,0.00175505583355104,0.00175505583355104,0.0010717898220159,0.000683266011535138,0.0010717898220159,0.000683266011535138,0.00668528901482419,0.00668528901482419
"706",799,799,799,790,"a",148307,137,327,70,0,4,0,148841,"a","g","g",0.00219697529578544,0.00219697529578544,0.00139074582944216,0.00139074582944216,0.000920445307408577,0.000470300522033579,0.000920445307408577,0.000470300522033579,0.00358772112522759,0.00358772112522759
"707",800,800,800,791,"c",20,147906,7,316,0,229,23,148249,"c","t","t",0.00213154894805361,0.00213154894805361,0.000182126017713442,0.000182126017713442,0.000134908161269216,4.72178564442256e-05,0.000134908161269216,4.72178564442256e-05,0.00231367496576705,0.00231367496576705
"708",801,801,801,792,"a",147655,16,304,23,0,346,0,147998,"a","g","g",0.00205408181191638,0.00205408181191638,0.000263517074555062,0.000263517074555062,0.00010810956904823,0.000155407505506831,0.00010810956904823,0.000155407505506831,0.00231759888647144,0.00231759888647144
"709",802,802,802,793,"a",147424,40,318,31,0,29,0,147813,"a","g","g",0.00215136692983702,0.00215136692983702,0.000480336641567386,0.000480336641567386,0.00027061219243233,0.000209724449135056,0.00027061219243233,0.000209724449135056,0.00263170357140441,0.00263170357140441
"710",803,803,803,794,"g",190,11,147000,30,0,268,0,147231,"g","a","a",0.00129048909536714,0.00129048909536714,0.000278473962684489,0.000278473962684489,7.47125265738873e-05,0.000203761436110602,7.47125265738873e-05,0.000203761436110602,0.00156896305805163,0.00156896305805163
"711",804,804,804,795,"g",169,12,146696,19,0,15,0,146896,"g","a","a",0.00115047380459645,0.00115047380459645,0.000211033656464437,0.000211033656464437,8.16904476636532e-05,0.000129343208800784,8.16904476636532e-05,0.000129343208800784,0.00136150746106089,0.00136150746106089
"712",805,805,805,796,"a",146324,15,239,17,0,83,1,146595,"a","g","g",0.00163034209898018,0.00163034209898018,0.000218288481871824,0.000218288481871824,0.000102322725877417,0.000115965755994406,0.000102322725877417,0.000115965755994406,0.00184863058085201,0.00184863058085201
"713",806,806,806,797,"t",36,195,5,146186,0,24,0,146422,"t","c","c",0.00133176708418134,0.00133176708418134,0.000280012566417615,0.000280012566417615,0.000245864692464247,3.41478739533677e-05,0.000245864692464247,3.41478739533677e-05,0.00161177965059895,0.00161177965059895
"714",807,807,807,798,"g",95,6,146048,19,0,65,0,146168,"g","a","a",0.000649937058726944,0.000649937058726944,0.000171036068086038,0.000171036068086038,4.10486563406491e-05,0.000129987411745389,4.10486563406491e-05,0.000129987411745389,0.000820973126812982,0.000820973126812982
"715",808,808,808,799,"a",145773,10,204,66,0,30,0,146053,"a","g","g",0.00139675323341527,0.00139675323341527,0.000520359047742943,0.000520359047742943,6.84682957556503e-05,0.000451890751987292,6.84682957556503e-05,0.000451890751987292,0.00191711228115821,0.00191711228115821
"716",809,809,809,800,"t",88,200,15,145504,0,63,0,145807,"t","c","c",0.00137167625696983,0.00137167625696983,0.000706413272339462,0.000706413272339462,0.000603537553066725,0.000102875719272737,0.000603537553066725,0.000102875719272737,0.00207808952930929,0.00207808952930929
"717",810,810,810,801,"g",203,12,145104,57,0,93,0,145376,"g","a","a",0.00139637904468413,0.00139637904468413,0.000474631300902487,0.000474631300902487,8.25445740699978e-05,0.00039208672683249,8.25445740699978e-05,0.00039208672683249,0.00187101034558662,0.00187101034558662
"718",811,811,811,802,"g",107,9,144994,20,0,4,1,145130,"g","a","a",0.000737270033762833,0.000737270033762833,0.00019982085027217,0.00019982085027217,6.20133673258458e-05,0.000137807482946324,6.20133673258458e-05,0.000137807482946324,0.000937090884035003,0.000937090884035003
"719",812,812,812,803,"a",143923,31,437,113,0,7,2,144504,"a","g","g",0.00302413774013176,0.00302413774013176,0.000996512207274539,0.000996512207274539,0.000214526933510491,0.000781985273764048,0.000214526933510491,0.000781985273764048,0.0040206499474063,0.0040206499474063
"720",813,813,813,804,"g",91,7,144272,15,0,16,0,144385,"g","a","a",0.000630259375973959,0.000630259375973959,0.000152370398587111,0.000152370398587111,4.84814904595353e-05,0.000103888908127576,4.84814904595353e-05,0.000103888908127576,0.000782629774561069,0.000782629774561069
"721",814,814,814,805,"a",143830,12,321,49,0,13,1,144212,"a","g","g",0.00222588966244141,0.00222588966244141,0.000422988378220953,0.000422988378220953,8.32108285024825e-05,0.00033977754971847,8.32108285024825e-05,0.00033977754971847,0.00264887804066236,0.00264887804066236
"722",815,815,815,806,"c",11,143575,12,118,0,22,1,143716,"c","t","t",0.000821063764646943,0.000821063764646943,0.000160037852431184,0.000160037852431184,7.65398424670879e-05,8.34980099640959e-05,7.65398424670879e-05,8.34980099640959e-05,0.000981101617078126,0.000981101617078126
"723",816,816,816,807,"a",143255,16,300,39,0,1,0,143610,"a","g","g",0.00208899101733863,0.00208899101733863,0.000382981686512081,0.000382981686512081,0.00011141285425806,0.000271568832254021,0.00011141285425806,0.000271568832254021,0.00247197270385071,0.00247197270385071
"724",817,817,817,808,"c",17,142704,6,168,0,1,0,142895,"c","t","t",0.00117568844256272,0.00117568844256272,0.00016095734630323,0.00016095734630323,0.000118968473354561,4.19888729486686e-05,0.000118968473354561,4.19888729486686e-05,0.00133664578886595,0.00133664578886595
"725",818,818,818,809,"a",142038,18,332,55,0,2,0,142443,"a","g","g",0.00233075686414917,0.00233075686414917,0.000512485696032799,0.000512485696032799,0.000126366336008087,0.000386119360024712,0.000126366336008087,0.000386119360024712,0.00284324256018197,0.00284324256018197
"726",819,819,819,810,"g",111,10,142144,23,0,1,0,142288,"g","a","a",0.000780107950073091,0.000780107950073091,0.000231923985156865,0.000231923985156865,7.02799955020803e-05,0.000161643989654785,7.02799955020803e-05,0.000161643989654785,0.00101203193522996,0.00101203193522996
"727",820,820,820,811,"a",141589,4,16,5,0,2,0,141614,"a","g","g",0.000112983179629133,0.000112983179629133,6.35530385413872e-05,6.35530385413872e-05,2.82457949072832e-05,3.5307243634104e-05,2.82457949072832e-05,3.5307243634104e-05,0.00017653621817052,0.00017653621817052
"728",821,821,821,812,"c",0,140944,1,5,0,0,0,140950,"c","t","t",3.54735721887194e-05,3.54735721887194e-05,7.09471443774388e-06,7.09471443774388e-06,0,7.09471443774388e-06,0,7.09471443774388e-06,4.25682866264633e-05,4.25682866264633e-05
"729",822,822,822,813,"t",3,8,2,134637,0,1,0,134650,"t","c","c",5.94132937244708e-05,5.94132937244708e-05,3.71333085777943e-05,3.71333085777943e-05,2.22799851466766e-05,1.48533234311177e-05,2.22799851466766e-05,1.48533234311177e-05,9.65466023022651e-05,9.65466023022651e-05
"730",823,823,823,814,"t",2,0,2,131888,0,3,0,131892,"t","c","c",0,0,3.03278439935705e-05,3.03278439935705e-05,1.51639219967852e-05,1.51639219967852e-05,1.51639219967852e-05,1.51639219967852e-05,3.03278439935705e-05,3.03278439935705e-05
"731",824,824,824,815,"a",131501,0,4,0,0,4,0,131505,"a","g","g",3.04170944070568e-05,3.04170944070568e-05,0,0,0,0,0,0,3.04170944070568e-05,3.04170944070568e-05
"732",825,825,825,816,"t",0,8370,0,129,0,0,0,8499,"c","t","c",0.015178256265443,0.984821743734557,0,0,0,0,0,0,0.015178256265443,0.984821743734557
"733",826,826,826,817,"a",5,0,25,1,0,0,0,31,"g","a","g",0.161290322580645,0.806451612903226,0.032258064516129,0.032258064516129,0,0.032258064516129,0,0.032258064516129,0.193548387096774,0.838709677419355
"734",827,827,827,818,"c",0,5,0,0,0,0,0,5,"c","t","t",0,0,0,0,0,0,0,0,0,0
"735",828,828,828,819,"t",0,0,0,2,0,0,0,2,"t","c","c",0,0,0,0,0,0,0,0,0,0
"736",829,829,829,820,"t",0,0,0,2,0,0,0,2,"t","c","c",0,0,0,0,0,0,0,0,0,0
"737",830,830,830,821,"g",0,0,2,0,0,0,0,2,"g","a","a",0,0,0,0,0,0,0,0,0,0
"738",831,831,831,822,"g",NA,NA,NA,NA,NA,NA,NA,NA,NA,NA,"a",NA,NA,NA,NA,NA,NA,NA,NA,NA,NA
"739",832,832,832,823,"t",NA,NA,NA,NA,NA,NA,NA,NA,NA,NA,"c",NA,NA,NA,NA,NA,NA,NA,NA,NA,NA
"740",833,833,833,824,"t",NA,NA,NA,NA,NA,NA,NA,NA,NA,NA,"c",NA,NA,NA,NA,NA,NA,NA,NA,NA,NA
"741",834,834,834,825,"t",NA,NA,NA,NA,NA,NA,NA,NA,NA,NA,"c",NA,NA,NA,NA,NA,NA,NA,NA,NA,NA
